Execution time: 0.2794 seconds
Found 106 unique groups
Found 0 collision groups

ABC0 matrix:
[[0 0 1 0]
 [0 1 0 0]
 [1 0 0 0]
 [0 0 0 0]]
A0C0 P: 
[[0 0]
 [3 0]]
AB00 Q: 
[[0 0]
 [3 0]]
(P, Q):
1 0 0 | 1 0 0
2 0 0 | 2 0 0
3 0 0 | 3 0 0
---
ABC0 matrix:
[[0 0 1 1]
 [0 1 1 0]
 [1 1 0 0]
 [1 0 0 0]]
A0C0 P: 
[[0 3 0 0]
 [3 4 0 0]
 [0 0 0 0]
 [0 0 0 0]]
AB00 Q: 
[[0 3 0 0]
 [3 4 0 0]
 [0 0 0 0]
 [0 0 0 0]]
(P, Q):
1 1 0 0 0 0 0 | 1 1 0 0 0 0 0
2 2 0 0 0 0 0 | 2 2 0 0 0 0 0
3 3 0 0 0 0 0 | 3 3 0 0 0 0 0
4 0 0 0 0 0 0 | 4 0 0 0 0 0 0
0 0 0 0 0 0 0 | 0 0 0 0 0 0 0
0 0 0 0 0 0 0 | 0 0 0 0 0 0 0
0 0 0 0 0 0 0 | 0 0 0 0 0 0 0
---
ABC0 matrix:
[[0 0 1 2]
 [0 1 2 0]
 [1 2 0 0]
 [2 0 0 0]]
A0C0 P: 
[[0 3 3 0 0 0]
 [3 4 4 0 0 0]
 [0 0 0 0 0 0]
 [0 0 0 0 0 0]
 [0 0 0 0 0 0]
 [0 0 0 0 0 0]]
AB00 Q: 
[[0 3 3 0 0 0]
 [3 4 4 0 0 0]
 [0 0 0 0 0 0]
 [0 0 0 0 0 0]
 [0 0 0 0 0 0]
 [0 0 0 0 0 0]]
(P, Q):
1 1 1 0 0 0 0 0 0 0 0 | 1 1 1 0 0 0 0 0 0 0 0
2 2 2 0 0 0 0 0 0 0 0 | 2 2 2 0 0 0 0 0 0 0 0
3 3 3 0 0 0 0 0 0 0 0 | 3 3 3 0 0 0 0 0 0 0 0
4 4 0 0 0 0 0 0 0 0 0 | 4 4 0 0 0 0 0 0 0 0 0
0 0 0 0 0 0 0 0 0 0 0 | 0 0 0 0 0 0 0 0 0 0 0
0 0 0 0 0 0 0 0 0 0 0 | 0 0 0 0 0 0 0 0 0 0 0
0 0 0 0 0 0 0 0 0 0 0 | 0 0 0 0 0 0 0 0 0 0 0
0 0 0 0 0 0 0 0 0 0 0 | 0 0 0 0 0 0 0 0 0 0 0
0 0 0 0 0 0 0 0 0 0 0 | 0 0 0 0 0 0 0 0 0 0 0
0 0 0 0 0 0 0 0 0 0 0 | 0 0 0 0 0 0 0 0 0 0 0
0 0 0 0 0 0 0 0 0 0 0 | 0 0 0 0 0 0 0 0 0 0 0
---
ABC0 matrix:
[[0 0 2 0]
 [0 2 0 0]
 [2 0 0 0]
 [0 0 0 0]]
A0C0 P: 
[[0 0 0 0]
 [3 3 0 0]
 [0 0 0 0]
 [0 0 0 0]]
AB00 Q: 
[[0 0 0 0]
 [3 3 0 0]
 [0 0 0 0]
 [0 0 0 0]]
(P, Q):
1 1 0 0 0 0 | 1 1 0 0 0 0
2 2 0 0 0 0 | 2 2 0 0 0 0
3 3 0 0 0 0 | 3 3 0 0 0 0
0 0 0 0 0 0 | 0 0 0 0 0 0
0 0 0 0 0 0 | 0 0 0 0 0 0
0 0 0 0 0 0 | 0 0 0 0 0 0
---
ABC0 matrix:
[[0 0 2 1]
 [0 2 1 0]
 [2 1 0 0]
 [1 0 0 0]]
A0C0 P: 
[[0 0 3 0 0 0]
 [3 3 4 0 0 0]
 [0 0 0 0 0 0]
 [0 0 0 0 0 0]
 [0 0 0 0 0 0]
 [0 0 0 0 0 0]]
AB00 Q: 
[[0 0 3 0 0 0]
 [3 3 4 0 0 0]
 [0 0 0 0 0 0]
 [0 0 0 0 0 0]
 [0 0 0 0 0 0]
 [0 0 0 0 0 0]]
(P, Q):
1 1 1 0 0 0 0 0 0 0 | 1 1 1 0 0 0 0 0 0 0
2 2 2 0 0 0 0 0 0 0 | 2 2 2 0 0 0 0 0 0 0
3 3 3 0 0 0 0 0 0 0 | 3 3 3 0 0 0 0 0 0 0
4 0 0 0 0 0 0 0 0 0 | 4 0 0 0 0 0 0 0 0 0
0 0 0 0 0 0 0 0 0 0 | 0 0 0 0 0 0 0 0 0 0
0 0 0 0 0 0 0 0 0 0 | 0 0 0 0 0 0 0 0 0 0
0 0 0 0 0 0 0 0 0 0 | 0 0 0 0 0 0 0 0 0 0
0 0 0 0 0 0 0 0 0 0 | 0 0 0 0 0 0 0 0 0 0
0 0 0 0 0 0 0 0 0 0 | 0 0 0 0 0 0 0 0 0 0
0 0 0 0 0 0 0 0 0 0 | 0 0 0 0 0 0 0 0 0 0
---
ABC0 matrix:
[[0 0 2 2]
 [0 2 2 0]
 [2 2 0 0]
 [2 0 0 0]]
A0C0 P: 
[[0 0 3 3 0 0 0 0]
 [3 3 4 4 0 0 0 0]
 [0 0 0 0 0 0 0 0]
 [0 0 0 0 0 0 0 0]
 [0 0 0 0 0 0 0 0]
 [0 0 0 0 0 0 0 0]
 [0 0 0 0 0 0 0 0]
 [0 0 0 0 0 0 0 0]]
AB00 Q: 
[[0 0 3 3 0 0 0 0]
 [3 3 4 4 0 0 0 0]
 [0 0 0 0 0 0 0 0]
 [0 0 0 0 0 0 0 0]
 [0 0 0 0 0 0 0 0]
 [0 0 0 0 0 0 0 0]
 [0 0 0 0 0 0 0 0]
 [0 0 0 0 0 0 0 0]]
(P, Q):
1 1 1 1 0 0 0 0 0 0 0 0 0 0 | 1 1 1 1 0 0 0 0 0 0 0 0 0 0
2 2 2 2 0 0 0 0 0 0 0 0 0 0 | 2 2 2 2 0 0 0 0 0 0 0 0 0 0
3 3 3 3 0 0 0 0 0 0 0 0 0 0 | 3 3 3 3 0 0 0 0 0 0 0 0 0 0
4 4 0 0 0 0 0 0 0 0 0 0 0 0 | 4 4 0 0 0 0 0 0 0 0 0 0 0 0
0 0 0 0 0 0 0 0 0 0 0 0 0 0 | 0 0 0 0 0 0 0 0 0 0 0 0 0 0
0 0 0 0 0 0 0 0 0 0 0 0 0 0 | 0 0 0 0 0 0 0 0 0 0 0 0 0 0
0 0 0 0 0 0 0 0 0 0 0 0 0 0 | 0 0 0 0 0 0 0 0 0 0 0 0 0 0
0 0 0 0 0 0 0 0 0 0 0 0 0 0 | 0 0 0 0 0 0 0 0 0 0 0 0 0 0
0 0 0 0 0 0 0 0 0 0 0 0 0 0 | 0 0 0 0 0 0 0 0 0 0 0 0 0 0
0 0 0 0 0 0 0 0 0 0 0 0 0 0 | 0 0 0 0 0 0 0 0 0 0 0 0 0 0
0 0 0 0 0 0 0 0 0 0 0 0 0 0 | 0 0 0 0 0 0 0 0 0 0 0 0 0 0
0 0 0 0 0 0 0 0 0 0 0 0 0 0 | 0 0 0 0 0 0 0 0 0 0 0 0 0 0
0 0 0 0 0 0 0 0 0 0 0 0 0 0 | 0 0 0 0 0 0 0 0 0 0 0 0 0 0
0 0 0 0 0 0 0 0 0 0 0 0 0 0 | 0 0 0 0 0 0 0 0 0 0 0 0 0 0
---
ABC0 matrix:
[[0 0 1 1]
 [1 0 1 0]
 [1 0 0 0]
 [0 0 0 0]]
A0C0 P: 
[[0 3]
 [0 0]]
AB00 Q: 
[[0 3 0 0]
 [3 4 0 0]
 [0 0 0 0]
 [0 0 0 0]]
(P, Q):
1 1 0 0 0 | 1 1 0 0 0
2 2 0 0 0 | 3 3 0 0 0
3 0 0 0 0 | 4 0 0 0 0
0 0 0 0 0 | 0 0 0 0 0
0 0 0 0 0 | 0 0 0 0 0
---
ABC0 matrix:
[[0 0 1 2]
 [1 0 2 0]
 [2 0 0 0]
 [0 0 0 0]]
A0C0 P: 
[[0 3 3]
 [0 0 0]
 [0 0 0]]
AB00 Q: 
[[0 3 3 0 0 0]
 [3 4 4 0 0 0]
 [0 0 0 0 0 0]
 [0 0 0 0 0 0]
 [0 0 0 0 0 0]
 [0 0 0 0 0 0]]
(P, Q):
1 1 1 0 0 0 0 0 | 1 1 1 0 0 0 0 0
2 2 2 0 0 0 0 0 | 3 3 3 0 0 0 0 0
3 3 0 0 0 0 0 0 | 4 4 0 0 0 0 0 0
0 0 0 0 0 0 0 0 | 0 0 0 0 0 0 0 0
0 0 0 0 0 0 0 0 | 0 0 0 0 0 0 0 0
0 0 0 0 0 0 0 0 | 0 0 0 0 0 0 0 0
0 0 0 0 0 0 0 0 | 0 0 0 0 0 0 0 0
0 0 0 0 0 0 0 0 | 0 0 0 0 0 0 0 0
---
ABC0 matrix:
[[0 0 2 1]
 [2 0 1 0]
 [1 0 0 0]
 [0 0 0 0]]
A0C0 P: 
[[0 0 3]
 [0 0 0]
 [0 0 0]]
AB00 Q: 
[[0 0 3 0 0 0]
 [3 3 4 0 0 0]
 [0 0 0 0 0 0]
 [0 0 0 0 0 0]
 [0 0 0 0 0 0]
 [0 0 0 0 0 0]]
(P, Q):
1 1 1 0 0 0 0 | 1 1 1 0 0 0 0
2 2 2 0 0 0 0 | 3 3 3 0 0 0 0
3 0 0 0 0 0 0 | 4 0 0 0 0 0 0
0 0 0 0 0 0 0 | 0 0 0 0 0 0 0
0 0 0 0 0 0 0 | 0 0 0 0 0 0 0
0 0 0 0 0 0 0 | 0 0 0 0 0 0 0
0 0 0 0 0 0 0 | 0 0 0 0 0 0 0
---
ABC0 matrix:
[[0 0 2 2]
 [2 0 2 0]
 [2 0 0 0]
 [0 0 0 0]]
A0C0 P: 
[[0 0 3 3]
 [0 0 0 0]
 [0 0 0 0]
 [0 0 0 0]]
AB00 Q: 
[[0 0 3 3 0 0 0 0]
 [3 3 4 4 0 0 0 0]
 [0 0 0 0 0 0 0 0]
 [0 0 0 0 0 0 0 0]
 [0 0 0 0 0 0 0 0]
 [0 0 0 0 0 0 0 0]
 [0 0 0 0 0 0 0 0]
 [0 0 0 0 0 0 0 0]]
(P, Q):
1 1 1 1 0 0 0 0 0 0 | 1 1 1 1 0 0 0 0 0 0
2 2 2 2 0 0 0 0 0 0 | 3 3 3 3 0 0 0 0 0 0
3 3 0 0 0 0 0 0 0 0 | 4 4 0 0 0 0 0 0 0 0
0 0 0 0 0 0 0 0 0 0 | 0 0 0 0 0 0 0 0 0 0
0 0 0 0 0 0 0 0 0 0 | 0 0 0 0 0 0 0 0 0 0
0 0 0 0 0 0 0 0 0 0 | 0 0 0 0 0 0 0 0 0 0
0 0 0 0 0 0 0 0 0 0 | 0 0 0 0 0 0 0 0 0 0
0 0 0 0 0 0 0 0 0 0 | 0 0 0 0 0 0 0 0 0 0
0 0 0 0 0 0 0 0 0 0 | 0 0 0 0 0 0 0 0 0 0
0 0 0 0 0 0 0 0 0 0 | 0 0 0 0 0 0 0 0 0 0
---
ABC0 matrix:
[[0 1 1 0]
 [0 0 0 0]
 [1 1 0 0]
 [1 0 0 0]]
A0C0 P: 
[[0 3 0 0]
 [3 4 0 0]
 [0 0 0 0]
 [0 0 0 0]]
AB00 Q: 
[[0 3]
 [0 0]]
(P, Q):
1 1 0 0 0 | 1 1 0 0 0
3 3 0 0 0 | 2 2 0 0 0
4 0 0 0 0 | 3 0 0 0 0
0 0 0 0 0 | 0 0 0 0 0
0 0 0 0 0 | 0 0 0 0 0
---
ABC0 matrix:
[[0 1 2 0]
 [0 0 0 0]
 [1 2 0 0]
 [2 0 0 0]]
A0C0 P: 
[[0 3 3 0 0 0]
 [3 4 4 0 0 0]
 [0 0 0 0 0 0]
 [0 0 0 0 0 0]
 [0 0 0 0 0 0]
 [0 0 0 0 0 0]]
AB00 Q: 
[[0 3 3]
 [0 0 0]
 [0 0 0]]
(P, Q):
1 1 1 0 0 0 0 0 | 1 1 1 0 0 0 0 0
3 3 3 0 0 0 0 0 | 2 2 2 0 0 0 0 0
4 4 0 0 0 0 0 0 | 3 3 0 0 0 0 0 0
0 0 0 0 0 0 0 0 | 0 0 0 0 0 0 0 0
0 0 0 0 0 0 0 0 | 0 0 0 0 0 0 0 0
0 0 0 0 0 0 0 0 | 0 0 0 0 0 0 0 0
0 0 0 0 0 0 0 0 | 0 0 0 0 0 0 0 0
0 0 0 0 0 0 0 0 | 0 0 0 0 0 0 0 0
---
ABC0 matrix:
[[0 1 0 1]
 [1 0 1 0]
 [0 1 0 0]
 [1 0 0 0]]
A0C0 P: 
[[0 3 0 0]
 [0 4 0 0]
 [0 0 0 0]
 [0 0 0 0]]
AB00 Q: 
[[0 3 0 0]
 [0 4 0 0]
 [0 0 0 0]
 [0 0 0 0]]
(P, Q):
1 1 0 0 0 0 | 1 1 0 0 0 0
2 2 0 0 0 0 | 2 2 0 0 0 0
3 0 0 0 0 0 | 3 0 0 0 0 0
4 0 0 0 0 0 | 4 0 0 0 0 0
0 0 0 0 0 0 | 0 0 0 0 0 0
0 0 0 0 0 0 | 0 0 0 0 0 0
---
ABC0 matrix:
[[0 1 0 2]
 [1 0 2 0]
 [0 2 0 0]
 [2 0 0 0]]
A0C0 P: 
[[0 3 3 0 0 0]
 [0 4 4 0 0 0]
 [0 0 0 0 0 0]
 [0 0 0 0 0 0]
 [0 0 0 0 0 0]
 [0 0 0 0 0 0]]
AB00 Q: 
[[0 3 3 0 0 0]
 [0 4 4 0 0 0]
 [0 0 0 0 0 0]
 [0 0 0 0 0 0]
 [0 0 0 0 0 0]
 [0 0 0 0 0 0]]
(P, Q):
1 1 1 0 0 0 0 0 0 0 | 1 1 1 0 0 0 0 0 0 0
2 2 2 0 0 0 0 0 0 0 | 2 2 2 0 0 0 0 0 0 0
3 3 0 0 0 0 0 0 0 0 | 3 3 0 0 0 0 0 0 0 0
4 4 0 0 0 0 0 0 0 0 | 4 4 0 0 0 0 0 0 0 0
0 0 0 0 0 0 0 0 0 0 | 0 0 0 0 0 0 0 0 0 0
0 0 0 0 0 0 0 0 0 0 | 0 0 0 0 0 0 0 0 0 0
0 0 0 0 0 0 0 0 0 0 | 0 0 0 0 0 0 0 0 0 0
0 0 0 0 0 0 0 0 0 0 | 0 0 0 0 0 0 0 0 0 0
0 0 0 0 0 0 0 0 0 0 | 0 0 0 0 0 0 0 0 0 0
0 0 0 0 0 0 0 0 0 0 | 0 0 0 0 0 0 0 0 0 0
---
ABC0 matrix:
[[0 1 1 0]
 [1 1 0 0]
 [1 0 0 0]
 [0 0 0 0]]
A0C0 P: 
[[0 0 0 0]
 [0 3 0 0]
 [0 0 0 0]
 [0 0 0 0]]
AB00 Q: 
[[0 0 0 0]
 [0 3 0 0]
 [0 0 0 0]
 [0 0 0 0]]
(P, Q):
1 1 0 0 0 | 1 1 0 0 0
2 2 0 0 0 | 2 2 0 0 0
3 0 0 0 0 | 3 0 0 0 0
0 0 0 0 0 | 0 0 0 0 0
0 0 0 0 0 | 0 0 0 0 0
---
ABC0 matrix:
[[0 1 1 1]
 [1 1 1 0]
 [1 1 0 0]
 [1 0 0 0]]
A0C0 P: 
[[0 0 3 0 0 0]
 [0 3 4 0 0 0]
 [0 0 0 0 0 0]
 [0 0 0 0 0 0]
 [0 0 0 0 0 0]
 [0 0 0 0 0 0]]
AB00 Q: 
[[0 0 3 0 0 0]
 [0 3 4 0 0 0]
 [0 0 0 0 0 0]
 [0 0 0 0 0 0]
 [0 0 0 0 0 0]
 [0 0 0 0 0 0]]
(P, Q):
1 1 1 0 0 0 0 0 0 | 1 1 1 0 0 0 0 0 0
2 2 2 0 0 0 0 0 0 | 2 2 2 0 0 0 0 0 0
3 3 0 0 0 0 0 0 0 | 3 3 0 0 0 0 0 0 0
4 0 0 0 0 0 0 0 0 | 4 0 0 0 0 0 0 0 0
0 0 0 0 0 0 0 0 0 | 0 0 0 0 0 0 0 0 0
0 0 0 0 0 0 0 0 0 | 0 0 0 0 0 0 0 0 0
0 0 0 0 0 0 0 0 0 | 0 0 0 0 0 0 0 0 0
0 0 0 0 0 0 0 0 0 | 0 0 0 0 0 0 0 0 0
0 0 0 0 0 0 0 0 0 | 0 0 0 0 0 0 0 0 0
---
ABC0 matrix:
[[0 1 1 2]
 [1 1 2 0]
 [1 2 0 0]
 [2 0 0 0]]
A0C0 P: 
[[0 0 3 3 0 0 0 0]
 [0 3 4 4 0 0 0 0]
 [0 0 0 0 0 0 0 0]
 [0 0 0 0 0 0 0 0]
 [0 0 0 0 0 0 0 0]
 [0 0 0 0 0 0 0 0]
 [0 0 0 0 0 0 0 0]
 [0 0 0 0 0 0 0 0]]
AB00 Q: 
[[0 0 3 3 0 0 0 0]
 [0 3 4 4 0 0 0 0]
 [0 0 0 0 0 0 0 0]
 [0 0 0 0 0 0 0 0]
 [0 0 0 0 0 0 0 0]
 [0 0 0 0 0 0 0 0]
 [0 0 0 0 0 0 0 0]
 [0 0 0 0 0 0 0 0]]
(P, Q):
1 1 1 1 0 0 0 0 0 0 0 0 0 | 1 1 1 1 0 0 0 0 0 0 0 0 0
2 2 2 2 0 0 0 0 0 0 0 0 0 | 2 2 2 2 0 0 0 0 0 0 0 0 0
3 3 3 0 0 0 0 0 0 0 0 0 0 | 3 3 3 0 0 0 0 0 0 0 0 0 0
4 4 0 0 0 0 0 0 0 0 0 0 0 | 4 4 0 0 0 0 0 0 0 0 0 0 0
0 0 0 0 0 0 0 0 0 0 0 0 0 | 0 0 0 0 0 0 0 0 0 0 0 0 0
0 0 0 0 0 0 0 0 0 0 0 0 0 | 0 0 0 0 0 0 0 0 0 0 0 0 0
0 0 0 0 0 0 0 0 0 0 0 0 0 | 0 0 0 0 0 0 0 0 0 0 0 0 0
0 0 0 0 0 0 0 0 0 0 0 0 0 | 0 0 0 0 0 0 0 0 0 0 0 0 0
0 0 0 0 0 0 0 0 0 0 0 0 0 | 0 0 0 0 0 0 0 0 0 0 0 0 0
0 0 0 0 0 0 0 0 0 0 0 0 0 | 0 0 0 0 0 0 0 0 0 0 0 0 0
0 0 0 0 0 0 0 0 0 0 0 0 0 | 0 0 0 0 0 0 0 0 0 0 0 0 0
0 0 0 0 0 0 0 0 0 0 0 0 0 | 0 0 0 0 0 0 0 0 0 0 0 0 0
0 0 0 0 0 0 0 0 0 0 0 0 0 | 0 0 0 0 0 0 0 0 0 0 0 0 0
---
ABC0 matrix:
[[0 1 2 0]
 [1 2 0 0]
 [2 0 0 0]
 [0 0 0 0]]
A0C0 P: 
[[0 0 0 0 0 0]
 [0 3 3 0 0 0]
 [0 0 0 0 0 0]
 [0 0 0 0 0 0]
 [0 0 0 0 0 0]
 [0 0 0 0 0 0]]
AB00 Q: 
[[0 0 0 0 0 0]
 [0 3 3 0 0 0]
 [0 0 0 0 0 0]
 [0 0 0 0 0 0]
 [0 0 0 0 0 0]
 [0 0 0 0 0 0]]
(P, Q):
1 1 1 0 0 0 0 0 | 1 1 1 0 0 0 0 0
2 2 2 0 0 0 0 0 | 2 2 2 0 0 0 0 0
3 3 0 0 0 0 0 0 | 3 3 0 0 0 0 0 0
0 0 0 0 0 0 0 0 | 0 0 0 0 0 0 0 0
0 0 0 0 0 0 0 0 | 0 0 0 0 0 0 0 0
0 0 0 0 0 0 0 0 | 0 0 0 0 0 0 0 0
0 0 0 0 0 0 0 0 | 0 0 0 0 0 0 0 0
0 0 0 0 0 0 0 0 | 0 0 0 0 0 0 0 0
---
ABC0 matrix:
[[0 1 2 1]
 [1 2 1 0]
 [2 1 0 0]
 [1 0 0 0]]
A0C0 P: 
[[0 0 0 3 0 0 0 0]
 [0 3 3 4 0 0 0 0]
 [0 0 0 0 0 0 0 0]
 [0 0 0 0 0 0 0 0]
 [0 0 0 0 0 0 0 0]
 [0 0 0 0 0 0 0 0]
 [0 0 0 0 0 0 0 0]
 [0 0 0 0 0 0 0 0]]
AB00 Q: 
[[0 0 0 3 0 0 0 0]
 [0 3 3 4 0 0 0 0]
 [0 0 0 0 0 0 0 0]
 [0 0 0 0 0 0 0 0]
 [0 0 0 0 0 0 0 0]
 [0 0 0 0 0 0 0 0]
 [0 0 0 0 0 0 0 0]
 [0 0 0 0 0 0 0 0]]
(P, Q):
1 1 1 1 0 0 0 0 0 0 0 0 | 1 1 1 1 0 0 0 0 0 0 0 0
2 2 2 2 0 0 0 0 0 0 0 0 | 2 2 2 2 0 0 0 0 0 0 0 0
3 3 3 0 0 0 0 0 0 0 0 0 | 3 3 3 0 0 0 0 0 0 0 0 0
4 0 0 0 0 0 0 0 0 0 0 0 | 4 0 0 0 0 0 0 0 0 0 0 0
0 0 0 0 0 0 0 0 0 0 0 0 | 0 0 0 0 0 0 0 0 0 0 0 0
0 0 0 0 0 0 0 0 0 0 0 0 | 0 0 0 0 0 0 0 0 0 0 0 0
0 0 0 0 0 0 0 0 0 0 0 0 | 0 0 0 0 0 0 0 0 0 0 0 0
0 0 0 0 0 0 0 0 0 0 0 0 | 0 0 0 0 0 0 0 0 0 0 0 0
0 0 0 0 0 0 0 0 0 0 0 0 | 0 0 0 0 0 0 0 0 0 0 0 0
0 0 0 0 0 0 0 0 0 0 0 0 | 0 0 0 0 0 0 0 0 0 0 0 0
0 0 0 0 0 0 0 0 0 0 0 0 | 0 0 0 0 0 0 0 0 0 0 0 0
0 0 0 0 0 0 0 0 0 0 0 0 | 0 0 0 0 0 0 0 0 0 0 0 0
---
ABC0 matrix:
[[0 1 2 2]
 [1 2 2 0]
 [2 2 0 0]
 [2 0 0 0]]
A0C0 P: 
[[0 0 0 3 3 0 0 0 0 0]
 [0 3 3 4 4 0 0 0 0 0]
 [0 0 0 0 0 0 0 0 0 0]
 [0 0 0 0 0 0 0 0 0 0]
 [0 0 0 0 0 0 0 0 0 0]
 [0 0 0 0 0 0 0 0 0 0]
 [0 0 0 0 0 0 0 0 0 0]
 [0 0 0 0 0 0 0 0 0 0]
 [0 0 0 0 0 0 0 0 0 0]
 [0 0 0 0 0 0 0 0 0 0]]
AB00 Q: 
[[0 0 0 3 3 0 0 0 0 0]
 [0 3 3 4 4 0 0 0 0 0]
 [0 0 0 0 0 0 0 0 0 0]
 [0 0 0 0 0 0 0 0 0 0]
 [0 0 0 0 0 0 0 0 0 0]
 [0 0 0 0 0 0 0 0 0 0]
 [0 0 0 0 0 0 0 0 0 0]
 [0 0 0 0 0 0 0 0 0 0]
 [0 0 0 0 0 0 0 0 0 0]
 [0 0 0 0 0 0 0 0 0 0]]
(P, Q):
1 1 1 1 1 0 0 0 0 0 0 0 0 0 0 0 | 1 1 1 1 1 0 0 0 0 0 0 0 0 0 0 0
2 2 2 2 2 0 0 0 0 0 0 0 0 0 0 0 | 2 2 2 2 2 0 0 0 0 0 0 0 0 0 0 0
3 3 3 3 0 0 0 0 0 0 0 0 0 0 0 0 | 3 3 3 3 0 0 0 0 0 0 0 0 0 0 0 0
4 4 0 0 0 0 0 0 0 0 0 0 0 0 0 0 | 4 4 0 0 0 0 0 0 0 0 0 0 0 0 0 0
0 0 0 0 0 0 0 0 0 0 0 0 0 0 0 0 | 0 0 0 0 0 0 0 0 0 0 0 0 0 0 0 0
0 0 0 0 0 0 0 0 0 0 0 0 0 0 0 0 | 0 0 0 0 0 0 0 0 0 0 0 0 0 0 0 0
0 0 0 0 0 0 0 0 0 0 0 0 0 0 0 0 | 0 0 0 0 0 0 0 0 0 0 0 0 0 0 0 0
0 0 0 0 0 0 0 0 0 0 0 0 0 0 0 0 | 0 0 0 0 0 0 0 0 0 0 0 0 0 0 0 0
0 0 0 0 0 0 0 0 0 0 0 0 0 0 0 0 | 0 0 0 0 0 0 0 0 0 0 0 0 0 0 0 0
0 0 0 0 0 0 0 0 0 0 0 0 0 0 0 0 | 0 0 0 0 0 0 0 0 0 0 0 0 0 0 0 0
0 0 0 0 0 0 0 0 0 0 0 0 0 0 0 0 | 0 0 0 0 0 0 0 0 0 0 0 0 0 0 0 0
0 0 0 0 0 0 0 0 0 0 0 0 0 0 0 0 | 0 0 0 0 0 0 0 0 0 0 0 0 0 0 0 0
0 0 0 0 0 0 0 0 0 0 0 0 0 0 0 0 | 0 0 0 0 0 0 0 0 0 0 0 0 0 0 0 0
0 0 0 0 0 0 0 0 0 0 0 0 0 0 0 0 | 0 0 0 0 0 0 0 0 0 0 0 0 0 0 0 0
0 0 0 0 0 0 0 0 0 0 0 0 0 0 0 0 | 0 0 0 0 0 0 0 0 0 0 0 0 0 0 0 0
0 0 0 0 0 0 0 0 0 0 0 0 0 0 0 0 | 0 0 0 0 0 0 0 0 0 0 0 0 0 0 0 0
---
ABC0 matrix:
[[0 2 1 0]
 [0 0 0 0]
 [2 1 0 0]
 [1 0 0 0]]
A0C0 P: 
[[0 0 3 0 0 0]
 [3 3 4 0 0 0]
 [0 0 0 0 0 0]
 [0 0 0 0 0 0]
 [0 0 0 0 0 0]
 [0 0 0 0 0 0]]
AB00 Q: 
[[0 0 3]
 [0 0 0]
 [0 0 0]]
(P, Q):
1 1 1 0 0 0 0 | 1 1 1 0 0 0 0
3 3 3 0 0 0 0 | 2 2 2 0 0 0 0
4 0 0 0 0 0 0 | 3 0 0 0 0 0 0
0 0 0 0 0 0 0 | 0 0 0 0 0 0 0
0 0 0 0 0 0 0 | 0 0 0 0 0 0 0
0 0 0 0 0 0 0 | 0 0 0 0 0 0 0
0 0 0 0 0 0 0 | 0 0 0 0 0 0 0
---
ABC0 matrix:
[[0 2 2 0]
 [0 0 0 0]
 [2 2 0 0]
 [2 0 0 0]]
A0C0 P: 
[[0 0 3 3 0 0 0 0]
 [3 3 4 4 0 0 0 0]
 [0 0 0 0 0 0 0 0]
 [0 0 0 0 0 0 0 0]
 [0 0 0 0 0 0 0 0]
 [0 0 0 0 0 0 0 0]
 [0 0 0 0 0 0 0 0]
 [0 0 0 0 0 0 0 0]]
AB00 Q: 
[[0 0 3 3]
 [0 0 0 0]
 [0 0 0 0]
 [0 0 0 0]]
(P, Q):
1 1 1 1 0 0 0 0 0 0 | 1 1 1 1 0 0 0 0 0 0
3 3 3 3 0 0 0 0 0 0 | 2 2 2 2 0 0 0 0 0 0
4 4 0 0 0 0 0 0 0 0 | 3 3 0 0 0 0 0 0 0 0
0 0 0 0 0 0 0 0 0 0 | 0 0 0 0 0 0 0 0 0 0
0 0 0 0 0 0 0 0 0 0 | 0 0 0 0 0 0 0 0 0 0
0 0 0 0 0 0 0 0 0 0 | 0 0 0 0 0 0 0 0 0 0
0 0 0 0 0 0 0 0 0 0 | 0 0 0 0 0 0 0 0 0 0
0 0 0 0 0 0 0 0 0 0 | 0 0 0 0 0 0 0 0 0 0
0 0 0 0 0 0 0 0 0 0 | 0 0 0 0 0 0 0 0 0 0
0 0 0 0 0 0 0 0 0 0 | 0 0 0 0 0 0 0 0 0 0
---
ABC0 matrix:
[[0 2 0 1]
 [2 0 1 0]
 [0 1 0 0]
 [1 0 0 0]]
A0C0 P: 
[[0 0 3 0 0 0]
 [0 0 4 0 0 0]
 [0 0 0 0 0 0]
 [0 0 0 0 0 0]
 [0 0 0 0 0 0]
 [0 0 0 0 0 0]]
AB00 Q: 
[[0 0 3 0 0 0]
 [0 0 4 0 0 0]
 [0 0 0 0 0 0]
 [0 0 0 0 0 0]
 [0 0 0 0 0 0]
 [0 0 0 0 0 0]]
(P, Q):
1 1 1 0 0 0 0 0 | 1 1 1 0 0 0 0 0
2 2 2 0 0 0 0 0 | 2 2 2 0 0 0 0 0
3 0 0 0 0 0 0 0 | 3 0 0 0 0 0 0 0
4 0 0 0 0 0 0 0 | 4 0 0 0 0 0 0 0
0 0 0 0 0 0 0 0 | 0 0 0 0 0 0 0 0
0 0 0 0 0 0 0 0 | 0 0 0 0 0 0 0 0
0 0 0 0 0 0 0 0 | 0 0 0 0 0 0 0 0
0 0 0 0 0 0 0 0 | 0 0 0 0 0 0 0 0
---
ABC0 matrix:
[[0 2 0 2]
 [2 0 2 0]
 [0 2 0 0]
 [2 0 0 0]]
A0C0 P: 
[[0 0 3 3 0 0 0 0]
 [0 0 4 4 0 0 0 0]
 [0 0 0 0 0 0 0 0]
 [0 0 0 0 0 0 0 0]
 [0 0 0 0 0 0 0 0]
 [0 0 0 0 0 0 0 0]
 [0 0 0 0 0 0 0 0]
 [0 0 0 0 0 0 0 0]]
AB00 Q: 
[[0 0 3 3 0 0 0 0]
 [0 0 4 4 0 0 0 0]
 [0 0 0 0 0 0 0 0]
 [0 0 0 0 0 0 0 0]
 [0 0 0 0 0 0 0 0]
 [0 0 0 0 0 0 0 0]
 [0 0 0 0 0 0 0 0]
 [0 0 0 0 0 0 0 0]]
(P, Q):
1 1 1 1 0 0 0 0 0 0 0 0 | 1 1 1 1 0 0 0 0 0 0 0 0
2 2 2 2 0 0 0 0 0 0 0 0 | 2 2 2 2 0 0 0 0 0 0 0 0
3 3 0 0 0 0 0 0 0 0 0 0 | 3 3 0 0 0 0 0 0 0 0 0 0
4 4 0 0 0 0 0 0 0 0 0 0 | 4 4 0 0 0 0 0 0 0 0 0 0
0 0 0 0 0 0 0 0 0 0 0 0 | 0 0 0 0 0 0 0 0 0 0 0 0
0 0 0 0 0 0 0 0 0 0 0 0 | 0 0 0 0 0 0 0 0 0 0 0 0
0 0 0 0 0 0 0 0 0 0 0 0 | 0 0 0 0 0 0 0 0 0 0 0 0
0 0 0 0 0 0 0 0 0 0 0 0 | 0 0 0 0 0 0 0 0 0 0 0 0
0 0 0 0 0 0 0 0 0 0 0 0 | 0 0 0 0 0 0 0 0 0 0 0 0
0 0 0 0 0 0 0 0 0 0 0 0 | 0 0 0 0 0 0 0 0 0 0 0 0
0 0 0 0 0 0 0 0 0 0 0 0 | 0 0 0 0 0 0 0 0 0 0 0 0
0 0 0 0 0 0 0 0 0 0 0 0 | 0 0 0 0 0 0 0 0 0 0 0 0
---
ABC0 matrix:
[[0 2 1 0]
 [2 1 0 0]
 [1 0 0 0]
 [0 0 0 0]]
A0C0 P: 
[[0 0 0 0 0 0]
 [0 0 3 0 0 0]
 [0 0 0 0 0 0]
 [0 0 0 0 0 0]
 [0 0 0 0 0 0]
 [0 0 0 0 0 0]]
AB00 Q: 
[[0 0 0 0 0 0]
 [0 0 3 0 0 0]
 [0 0 0 0 0 0]
 [0 0 0 0 0 0]
 [0 0 0 0 0 0]
 [0 0 0 0 0 0]]
(P, Q):
1 1 1 0 0 0 0 | 1 1 1 0 0 0 0
2 2 2 0 0 0 0 | 2 2 2 0 0 0 0
3 0 0 0 0 0 0 | 3 0 0 0 0 0 0
0 0 0 0 0 0 0 | 0 0 0 0 0 0 0
0 0 0 0 0 0 0 | 0 0 0 0 0 0 0
0 0 0 0 0 0 0 | 0 0 0 0 0 0 0
0 0 0 0 0 0 0 | 0 0 0 0 0 0 0
---
ABC0 matrix:
[[0 2 1 1]
 [2 1 1 0]
 [1 1 0 0]
 [1 0 0 0]]
A0C0 P: 
[[0 0 0 3 0 0 0 0]
 [0 0 3 4 0 0 0 0]
 [0 0 0 0 0 0 0 0]
 [0 0 0 0 0 0 0 0]
 [0 0 0 0 0 0 0 0]
 [0 0 0 0 0 0 0 0]
 [0 0 0 0 0 0 0 0]
 [0 0 0 0 0 0 0 0]]
AB00 Q: 
[[0 0 0 3 0 0 0 0]
 [0 0 3 4 0 0 0 0]
 [0 0 0 0 0 0 0 0]
 [0 0 0 0 0 0 0 0]
 [0 0 0 0 0 0 0 0]
 [0 0 0 0 0 0 0 0]
 [0 0 0 0 0 0 0 0]
 [0 0 0 0 0 0 0 0]]
(P, Q):
1 1 1 1 0 0 0 0 0 0 0 | 1 1 1 1 0 0 0 0 0 0 0
2 2 2 2 0 0 0 0 0 0 0 | 2 2 2 2 0 0 0 0 0 0 0
3 3 0 0 0 0 0 0 0 0 0 | 3 3 0 0 0 0 0 0 0 0 0
4 0 0 0 0 0 0 0 0 0 0 | 4 0 0 0 0 0 0 0 0 0 0
0 0 0 0 0 0 0 0 0 0 0 | 0 0 0 0 0 0 0 0 0 0 0
0 0 0 0 0 0 0 0 0 0 0 | 0 0 0 0 0 0 0 0 0 0 0
0 0 0 0 0 0 0 0 0 0 0 | 0 0 0 0 0 0 0 0 0 0 0
0 0 0 0 0 0 0 0 0 0 0 | 0 0 0 0 0 0 0 0 0 0 0
0 0 0 0 0 0 0 0 0 0 0 | 0 0 0 0 0 0 0 0 0 0 0
0 0 0 0 0 0 0 0 0 0 0 | 0 0 0 0 0 0 0 0 0 0 0
0 0 0 0 0 0 0 0 0 0 0 | 0 0 0 0 0 0 0 0 0 0 0
---
ABC0 matrix:
[[0 2 1 2]
 [2 1 2 0]
 [1 2 0 0]
 [2 0 0 0]]
A0C0 P: 
[[0 0 0 3 3 0 0 0 0 0]
 [0 0 3 4 4 0 0 0 0 0]
 [0 0 0 0 0 0 0 0 0 0]
 [0 0 0 0 0 0 0 0 0 0]
 [0 0 0 0 0 0 0 0 0 0]
 [0 0 0 0 0 0 0 0 0 0]
 [0 0 0 0 0 0 0 0 0 0]
 [0 0 0 0 0 0 0 0 0 0]
 [0 0 0 0 0 0 0 0 0 0]
 [0 0 0 0 0 0 0 0 0 0]]
AB00 Q: 
[[0 0 0 3 3 0 0 0 0 0]
 [0 0 3 4 4 0 0 0 0 0]
 [0 0 0 0 0 0 0 0 0 0]
 [0 0 0 0 0 0 0 0 0 0]
 [0 0 0 0 0 0 0 0 0 0]
 [0 0 0 0 0 0 0 0 0 0]
 [0 0 0 0 0 0 0 0 0 0]
 [0 0 0 0 0 0 0 0 0 0]
 [0 0 0 0 0 0 0 0 0 0]
 [0 0 0 0 0 0 0 0 0 0]]
(P, Q):
1 1 1 1 1 0 0 0 0 0 0 0 0 0 0 | 1 1 1 1 1 0 0 0 0 0 0 0 0 0 0
2 2 2 2 2 0 0 0 0 0 0 0 0 0 0 | 2 2 2 2 2 0 0 0 0 0 0 0 0 0 0
3 3 3 0 0 0 0 0 0 0 0 0 0 0 0 | 3 3 3 0 0 0 0 0 0 0 0 0 0 0 0
4 4 0 0 0 0 0 0 0 0 0 0 0 0 0 | 4 4 0 0 0 0 0 0 0 0 0 0 0 0 0
0 0 0 0 0 0 0 0 0 0 0 0 0 0 0 | 0 0 0 0 0 0 0 0 0 0 0 0 0 0 0
0 0 0 0 0 0 0 0 0 0 0 0 0 0 0 | 0 0 0 0 0 0 0 0 0 0 0 0 0 0 0
0 0 0 0 0 0 0 0 0 0 0 0 0 0 0 | 0 0 0 0 0 0 0 0 0 0 0 0 0 0 0
0 0 0 0 0 0 0 0 0 0 0 0 0 0 0 | 0 0 0 0 0 0 0 0 0 0 0 0 0 0 0
0 0 0 0 0 0 0 0 0 0 0 0 0 0 0 | 0 0 0 0 0 0 0 0 0 0 0 0 0 0 0
0 0 0 0 0 0 0 0 0 0 0 0 0 0 0 | 0 0 0 0 0 0 0 0 0 0 0 0 0 0 0
0 0 0 0 0 0 0 0 0 0 0 0 0 0 0 | 0 0 0 0 0 0 0 0 0 0 0 0 0 0 0
0 0 0 0 0 0 0 0 0 0 0 0 0 0 0 | 0 0 0 0 0 0 0 0 0 0 0 0 0 0 0
0 0 0 0 0 0 0 0 0 0 0 0 0 0 0 | 0 0 0 0 0 0 0 0 0 0 0 0 0 0 0
0 0 0 0 0 0 0 0 0 0 0 0 0 0 0 | 0 0 0 0 0 0 0 0 0 0 0 0 0 0 0
0 0 0 0 0 0 0 0 0 0 0 0 0 0 0 | 0 0 0 0 0 0 0 0 0 0 0 0 0 0 0
---
ABC0 matrix:
[[0 2 2 0]
 [2 2 0 0]
 [2 0 0 0]
 [0 0 0 0]]
A0C0 P: 
[[0 0 0 0 0 0 0 0]
 [0 0 3 3 0 0 0 0]
 [0 0 0 0 0 0 0 0]
 [0 0 0 0 0 0 0 0]
 [0 0 0 0 0 0 0 0]
 [0 0 0 0 0 0 0 0]
 [0 0 0 0 0 0 0 0]
 [0 0 0 0 0 0 0 0]]
AB00 Q: 
[[0 0 0 0 0 0 0 0]
 [0 0 3 3 0 0 0 0]
 [0 0 0 0 0 0 0 0]
 [0 0 0 0 0 0 0 0]
 [0 0 0 0 0 0 0 0]
 [0 0 0 0 0 0 0 0]
 [0 0 0 0 0 0 0 0]
 [0 0 0 0 0 0 0 0]]
(P, Q):
1 1 1 1 0 0 0 0 0 0 | 1 1 1 1 0 0 0 0 0 0
2 2 2 2 0 0 0 0 0 0 | 2 2 2 2 0 0 0 0 0 0
3 3 0 0 0 0 0 0 0 0 | 3 3 0 0 0 0 0 0 0 0
0 0 0 0 0 0 0 0 0 0 | 0 0 0 0 0 0 0 0 0 0
0 0 0 0 0 0 0 0 0 0 | 0 0 0 0 0 0 0 0 0 0
0 0 0 0 0 0 0 0 0 0 | 0 0 0 0 0 0 0 0 0 0
0 0 0 0 0 0 0 0 0 0 | 0 0 0 0 0 0 0 0 0 0
0 0 0 0 0 0 0 0 0 0 | 0 0 0 0 0 0 0 0 0 0
0 0 0 0 0 0 0 0 0 0 | 0 0 0 0 0 0 0 0 0 0
0 0 0 0 0 0 0 0 0 0 | 0 0 0 0 0 0 0 0 0 0
---
ABC0 matrix:
[[0 2 2 1]
 [2 2 1 0]
 [2 1 0 0]
 [1 0 0 0]]
A0C0 P: 
[[0 0 0 0 3 0 0 0 0 0]
 [0 0 3 3 4 0 0 0 0 0]
 [0 0 0 0 0 0 0 0 0 0]
 [0 0 0 0 0 0 0 0 0 0]
 [0 0 0 0 0 0 0 0 0 0]
 [0 0 0 0 0 0 0 0 0 0]
 [0 0 0 0 0 0 0 0 0 0]
 [0 0 0 0 0 0 0 0 0 0]
 [0 0 0 0 0 0 0 0 0 0]
 [0 0 0 0 0 0 0 0 0 0]]
AB00 Q: 
[[0 0 0 0 3 0 0 0 0 0]
 [0 0 3 3 4 0 0 0 0 0]
 [0 0 0 0 0 0 0 0 0 0]
 [0 0 0 0 0 0 0 0 0 0]
 [0 0 0 0 0 0 0 0 0 0]
 [0 0 0 0 0 0 0 0 0 0]
 [0 0 0 0 0 0 0 0 0 0]
 [0 0 0 0 0 0 0 0 0 0]
 [0 0 0 0 0 0 0 0 0 0]
 [0 0 0 0 0 0 0 0 0 0]]
(P, Q):
1 1 1 1 1 0 0 0 0 0 0 0 0 0 | 1 1 1 1 1 0 0 0 0 0 0 0 0 0
2 2 2 2 2 0 0 0 0 0 0 0 0 0 | 2 2 2 2 2 0 0 0 0 0 0 0 0 0
3 3 3 0 0 0 0 0 0 0 0 0 0 0 | 3 3 3 0 0 0 0 0 0 0 0 0 0 0
4 0 0 0 0 0 0 0 0 0 0 0 0 0 | 4 0 0 0 0 0 0 0 0 0 0 0 0 0
0 0 0 0 0 0 0 0 0 0 0 0 0 0 | 0 0 0 0 0 0 0 0 0 0 0 0 0 0
0 0 0 0 0 0 0 0 0 0 0 0 0 0 | 0 0 0 0 0 0 0 0 0 0 0 0 0 0
0 0 0 0 0 0 0 0 0 0 0 0 0 0 | 0 0 0 0 0 0 0 0 0 0 0 0 0 0
0 0 0 0 0 0 0 0 0 0 0 0 0 0 | 0 0 0 0 0 0 0 0 0 0 0 0 0 0
0 0 0 0 0 0 0 0 0 0 0 0 0 0 | 0 0 0 0 0 0 0 0 0 0 0 0 0 0
0 0 0 0 0 0 0 0 0 0 0 0 0 0 | 0 0 0 0 0 0 0 0 0 0 0 0 0 0
0 0 0 0 0 0 0 0 0 0 0 0 0 0 | 0 0 0 0 0 0 0 0 0 0 0 0 0 0
0 0 0 0 0 0 0 0 0 0 0 0 0 0 | 0 0 0 0 0 0 0 0 0 0 0 0 0 0
0 0 0 0 0 0 0 0 0 0 0 0 0 0 | 0 0 0 0 0 0 0 0 0 0 0 0 0 0
0 0 0 0 0 0 0 0 0 0 0 0 0 0 | 0 0 0 0 0 0 0 0 0 0 0 0 0 0
---
ABC0 matrix:
[[0 2 2 2]
 [2 2 2 0]
 [2 2 0 0]
 [2 0 0 0]]
A0C0 P: 
[[0 0 0 0 3 3 0 0 0 0 0 0]
 [0 0 3 3 4 4 0 0 0 0 0 0]
 [0 0 0 0 0 0 0 0 0 0 0 0]
 [0 0 0 0 0 0 0 0 0 0 0 0]
 [0 0 0 0 0 0 0 0 0 0 0 0]
 [0 0 0 0 0 0 0 0 0 0 0 0]
 [0 0 0 0 0 0 0 0 0 0 0 0]
 [0 0 0 0 0 0 0 0 0 0 0 0]
 [0 0 0 0 0 0 0 0 0 0 0 0]
 [0 0 0 0 0 0 0 0 0 0 0 0]
 [0 0 0 0 0 0 0 0 0 0 0 0]
 [0 0 0 0 0 0 0 0 0 0 0 0]]
AB00 Q: 
[[0 0 0 0 3 3 0 0 0 0 0 0]
 [0 0 3 3 4 4 0 0 0 0 0 0]
 [0 0 0 0 0 0 0 0 0 0 0 0]
 [0 0 0 0 0 0 0 0 0 0 0 0]
 [0 0 0 0 0 0 0 0 0 0 0 0]
 [0 0 0 0 0 0 0 0 0 0 0 0]
 [0 0 0 0 0 0 0 0 0 0 0 0]
 [0 0 0 0 0 0 0 0 0 0 0 0]
 [0 0 0 0 0 0 0 0 0 0 0 0]
 [0 0 0 0 0 0 0 0 0 0 0 0]
 [0 0 0 0 0 0 0 0 0 0 0 0]
 [0 0 0 0 0 0 0 0 0 0 0 0]]
(P, Q):
1 1 1 1 1 1 0 0 0 0 0 0 0 0 0 0 0 0 | 1 1 1 1 1 1 0 0 0 0 0 0 0 0 0 0 0 0
2 2 2 2 2 2 0 0 0 0 0 0 0 0 0 0 0 0 | 2 2 2 2 2 2 0 0 0 0 0 0 0 0 0 0 0 0
3 3 3 3 0 0 0 0 0 0 0 0 0 0 0 0 0 0 | 3 3 3 3 0 0 0 0 0 0 0 0 0 0 0 0 0 0
4 4 0 0 0 0 0 0 0 0 0 0 0 0 0 0 0 0 | 4 4 0 0 0 0 0 0 0 0 0 0 0 0 0 0 0 0
0 0 0 0 0 0 0 0 0 0 0 0 0 0 0 0 0 0 | 0 0 0 0 0 0 0 0 0 0 0 0 0 0 0 0 0 0
0 0 0 0 0 0 0 0 0 0 0 0 0 0 0 0 0 0 | 0 0 0 0 0 0 0 0 0 0 0 0 0 0 0 0 0 0
0 0 0 0 0 0 0 0 0 0 0 0 0 0 0 0 0 0 | 0 0 0 0 0 0 0 0 0 0 0 0 0 0 0 0 0 0
0 0 0 0 0 0 0 0 0 0 0 0 0 0 0 0 0 0 | 0 0 0 0 0 0 0 0 0 0 0 0 0 0 0 0 0 0
0 0 0 0 0 0 0 0 0 0 0 0 0 0 0 0 0 0 | 0 0 0 0 0 0 0 0 0 0 0 0 0 0 0 0 0 0
0 0 0 0 0 0 0 0 0 0 0 0 0 0 0 0 0 0 | 0 0 0 0 0 0 0 0 0 0 0 0 0 0 0 0 0 0
0 0 0 0 0 0 0 0 0 0 0 0 0 0 0 0 0 0 | 0 0 0 0 0 0 0 0 0 0 0 0 0 0 0 0 0 0
0 0 0 0 0 0 0 0 0 0 0 0 0 0 0 0 0 0 | 0 0 0 0 0 0 0 0 0 0 0 0 0 0 0 0 0 0
0 0 0 0 0 0 0 0 0 0 0 0 0 0 0 0 0 0 | 0 0 0 0 0 0 0 0 0 0 0 0 0 0 0 0 0 0
0 0 0 0 0 0 0 0 0 0 0 0 0 0 0 0 0 0 | 0 0 0 0 0 0 0 0 0 0 0 0 0 0 0 0 0 0
0 0 0 0 0 0 0 0 0 0 0 0 0 0 0 0 0 0 | 0 0 0 0 0 0 0 0 0 0 0 0 0 0 0 0 0 0
0 0 0 0 0 0 0 0 0 0 0 0 0 0 0 0 0 0 | 0 0 0 0 0 0 0 0 0 0 0 0 0 0 0 0 0 0
0 0 0 0 0 0 0 0 0 0 0 0 0 0 0 0 0 0 | 0 0 0 0 0 0 0 0 0 0 0 0 0 0 0 0 0 0
0 0 0 0 0 0 0 0 0 0 0 0 0 0 0 0 0 0 | 0 0 0 0 0 0 0 0 0 0 0 0 0 0 0 0 0 0
---
ABC0 matrix:
[[1 0 1 0]
 [0 0 0 0]
 [1 0 0 0]
 [0 0 0 0]]
A0C0 P: 
[[0 3]
 [0 0]]
AB00 Q: 
[[0 3]
 [0 0]]
(P, Q):
1 1 0 | 1 1 0
3 0 0 | 3 0 0
0 0 0 | 0 0 0
---
ABC0 matrix:
[[1 0 1 0]
 [0 0 0 0]
 [0 1 0 0]
 [1 0 0 0]]
A0C0 P: 
[[0 3 0]
 [4 0 0]
 [0 0 0]]
AB00 Q: 
[[0 3]
 [0 0]]
(P, Q):
1 1 0 0 | 1 1 0 0
3 0 0 0 | 2 0 0 0
4 0 0 0 | 3 0 0 0
0 0 0 0 | 0 0 0 0
---
ABC0 matrix:
[[1 0 2 0]
 [0 0 0 0]
 [2 0 0 0]
 [0 0 0 0]]
A0C0 P: 
[[0 3 3]
 [0 0 0]
 [0 0 0]]
AB00 Q: 
[[0 3 3]
 [0 0 0]
 [0 0 0]]
(P, Q):
1 1 1 0 0 | 1 1 1 0 0
3 3 0 0 0 | 3 3 0 0 0
0 0 0 0 0 | 0 0 0 0 0
0 0 0 0 0 | 0 0 0 0 0
0 0 0 0 0 | 0 0 0 0 0
---
ABC0 matrix:
[[1 0 2 0]
 [0 0 0 0]
 [0 2 0 0]
 [2 0 0 0]]
A0C0 P: 
[[0 3 3 0 0]
 [4 4 0 0 0]
 [0 0 0 0 0]
 [0 0 0 0 0]
 [0 0 0 0 0]]
AB00 Q: 
[[0 3 3]
 [0 0 0]
 [0 0 0]]
(P, Q):
1 1 1 0 0 0 0 | 1 1 1 0 0 0 0
3 3 0 0 0 0 0 | 2 2 0 0 0 0 0
4 4 0 0 0 0 0 | 3 3 0 0 0 0 0
0 0 0 0 0 0 0 | 0 0 0 0 0 0 0
0 0 0 0 0 0 0 | 0 0 0 0 0 0 0
0 0 0 0 0 0 0 | 0 0 0 0 0 0 0
0 0 0 0 0 0 0 | 0 0 0 0 0 0 0
---
ABC0 matrix:
[[1 0 0 1]
 [0 0 1 0]
 [1 0 0 0]
 [0 0 0 0]]
A0C0 P: 
[[0 3]
 [0 0]]
AB00 Q: 
[[0 3 0]
 [4 0 0]
 [0 0 0]]
(P, Q):
1 1 0 0 | 1 1 0 0
2 0 0 0 | 3 0 0 0
3 0 0 0 | 4 0 0 0
0 0 0 0 | 0 0 0 0
---
ABC0 matrix:
[[1 0 0 1]
 [0 0 1 0]
 [0 1 0 0]
 [1 0 0 0]]
A0C0 P: 
[[0 3 0]
 [4 0 0]
 [0 0 0]]
AB00 Q: 
[[0 3 0]
 [4 0 0]
 [0 0 0]]
(P, Q):
1 1 0 0 0 | 1 1 0 0 0
2 0 0 0 0 | 2 0 0 0 0
3 0 0 0 0 | 3 0 0 0 0
4 0 0 0 0 | 4 0 0 0 0
0 0 0 0 0 | 0 0 0 0 0
---
ABC0 matrix:
[[1 0 0 2]
 [0 0 2 0]
 [2 0 0 0]
 [0 0 0 0]]
A0C0 P: 
[[0 3 3]
 [0 0 0]
 [0 0 0]]
AB00 Q: 
[[0 3 3 0 0]
 [4 4 0 0 0]
 [0 0 0 0 0]
 [0 0 0 0 0]
 [0 0 0 0 0]]
(P, Q):
1 1 1 0 0 0 0 | 1 1 1 0 0 0 0
2 2 0 0 0 0 0 | 3 3 0 0 0 0 0
3 3 0 0 0 0 0 | 4 4 0 0 0 0 0
0 0 0 0 0 0 0 | 0 0 0 0 0 0 0
0 0 0 0 0 0 0 | 0 0 0 0 0 0 0
0 0 0 0 0 0 0 | 0 0 0 0 0 0 0
0 0 0 0 0 0 0 | 0 0 0 0 0 0 0
---
ABC0 matrix:
[[1 0 0 2]
 [0 0 2 0]
 [0 2 0 0]
 [2 0 0 0]]
A0C0 P: 
[[0 3 3 0 0]
 [4 4 0 0 0]
 [0 0 0 0 0]
 [0 0 0 0 0]
 [0 0 0 0 0]]
AB00 Q: 
[[0 3 3 0 0]
 [4 4 0 0 0]
 [0 0 0 0 0]
 [0 0 0 0 0]
 [0 0 0 0 0]]
(P, Q):
1 1 1 0 0 0 0 0 0 | 1 1 1 0 0 0 0 0 0
2 2 0 0 0 0 0 0 0 | 2 2 0 0 0 0 0 0 0
3 3 0 0 0 0 0 0 0 | 3 3 0 0 0 0 0 0 0
4 4 0 0 0 0 0 0 0 | 4 4 0 0 0 0 0 0 0
0 0 0 0 0 0 0 0 0 | 0 0 0 0 0 0 0 0 0
0 0 0 0 0 0 0 0 0 | 0 0 0 0 0 0 0 0 0
0 0 0 0 0 0 0 0 0 | 0 0 0 0 0 0 0 0 0
0 0 0 0 0 0 0 0 0 | 0 0 0 0 0 0 0 0 0
0 0 0 0 0 0 0 0 0 | 0 0 0 0 0 0 0 0 0
---
ABC0 matrix:
[[1 0 1 0]
 [0 1 0 0]
 [1 0 0 0]
 [0 0 0 0]]
A0C0 P: 
[[0 0 0]
 [3 0 0]
 [0 0 0]]
AB00 Q: 
[[0 0 0]
 [3 0 0]
 [0 0 0]]
(P, Q):
1 1 0 0 | 1 1 0 0
2 0 0 0 | 2 0 0 0
3 0 0 0 | 3 0 0 0
0 0 0 0 | 0 0 0 0
---
ABC0 matrix:
[[1 0 1 1]
 [0 1 1 0]
 [1 1 0 0]
 [1 0 0 0]]
A0C0 P: 
[[0 0 3 0 0]
 [3 4 0 0 0]
 [0 0 0 0 0]
 [0 0 0 0 0]
 [0 0 0 0 0]]
AB00 Q: 
[[0 0 3 0 0]
 [3 4 0 0 0]
 [0 0 0 0 0]
 [0 0 0 0 0]
 [0 0 0 0 0]]
(P, Q):
1 1 1 0 0 0 0 0 | 1 1 1 0 0 0 0 0
2 2 0 0 0 0 0 0 | 2 2 0 0 0 0 0 0
3 3 0 0 0 0 0 0 | 3 3 0 0 0 0 0 0
4 0 0 0 0 0 0 0 | 4 0 0 0 0 0 0 0
0 0 0 0 0 0 0 0 | 0 0 0 0 0 0 0 0
0 0 0 0 0 0 0 0 | 0 0 0 0 0 0 0 0
0 0 0 0 0 0 0 0 | 0 0 0 0 0 0 0 0
0 0 0 0 0 0 0 0 | 0 0 0 0 0 0 0 0
---
ABC0 matrix:
[[1 0 1 2]
 [0 1 2 0]
 [1 2 0 0]
 [2 0 0 0]]
A0C0 P: 
[[0 0 3 3 0 0 0]
 [3 4 4 0 0 0 0]
 [0 0 0 0 0 0 0]
 [0 0 0 0 0 0 0]
 [0 0 0 0 0 0 0]
 [0 0 0 0 0 0 0]
 [0 0 0 0 0 0 0]]
AB00 Q: 
[[0 0 3 3 0 0 0]
 [3 4 4 0 0 0 0]
 [0 0 0 0 0 0 0]
 [0 0 0 0 0 0 0]
 [0 0 0 0 0 0 0]
 [0 0 0 0 0 0 0]
 [0 0 0 0 0 0 0]]
(P, Q):
1 1 1 1 0 0 0 0 0 0 0 0 | 1 1 1 1 0 0 0 0 0 0 0 0
2 2 2 0 0 0 0 0 0 0 0 0 | 2 2 2 0 0 0 0 0 0 0 0 0
3 3 3 0 0 0 0 0 0 0 0 0 | 3 3 3 0 0 0 0 0 0 0 0 0
4 4 0 0 0 0 0 0 0 0 0 0 | 4 4 0 0 0 0 0 0 0 0 0 0
0 0 0 0 0 0 0 0 0 0 0 0 | 0 0 0 0 0 0 0 0 0 0 0 0
0 0 0 0 0 0 0 0 0 0 0 0 | 0 0 0 0 0 0 0 0 0 0 0 0
0 0 0 0 0 0 0 0 0 0 0 0 | 0 0 0 0 0 0 0 0 0 0 0 0
0 0 0 0 0 0 0 0 0 0 0 0 | 0 0 0 0 0 0 0 0 0 0 0 0
0 0 0 0 0 0 0 0 0 0 0 0 | 0 0 0 0 0 0 0 0 0 0 0 0
0 0 0 0 0 0 0 0 0 0 0 0 | 0 0 0 0 0 0 0 0 0 0 0 0
0 0 0 0 0 0 0 0 0 0 0 0 | 0 0 0 0 0 0 0 0 0 0 0 0
0 0 0 0 0 0 0 0 0 0 0 0 | 0 0 0 0 0 0 0 0 0 0 0 0
---
ABC0 matrix:
[[1 0 2 0]
 [0 2 0 0]
 [2 0 0 0]
 [0 0 0 0]]
A0C0 P: 
[[0 0 0 0 0]
 [3 3 0 0 0]
 [0 0 0 0 0]
 [0 0 0 0 0]
 [0 0 0 0 0]]
AB00 Q: 
[[0 0 0 0 0]
 [3 3 0 0 0]
 [0 0 0 0 0]
 [0 0 0 0 0]
 [0 0 0 0 0]]
(P, Q):
1 1 1 0 0 0 0 | 1 1 1 0 0 0 0
2 2 0 0 0 0 0 | 2 2 0 0 0 0 0
3 3 0 0 0 0 0 | 3 3 0 0 0 0 0
0 0 0 0 0 0 0 | 0 0 0 0 0 0 0
0 0 0 0 0 0 0 | 0 0 0 0 0 0 0
0 0 0 0 0 0 0 | 0 0 0 0 0 0 0
0 0 0 0 0 0 0 | 0 0 0 0 0 0 0
---
ABC0 matrix:
[[1 0 2 1]
 [0 2 1 0]
 [2 1 0 0]
 [1 0 0 0]]
A0C0 P: 
[[0 0 0 3 0 0 0]
 [3 3 4 0 0 0 0]
 [0 0 0 0 0 0 0]
 [0 0 0 0 0 0 0]
 [0 0 0 0 0 0 0]
 [0 0 0 0 0 0 0]
 [0 0 0 0 0 0 0]]
AB00 Q: 
[[0 0 0 3 0 0 0]
 [3 3 4 0 0 0 0]
 [0 0 0 0 0 0 0]
 [0 0 0 0 0 0 0]
 [0 0 0 0 0 0 0]
 [0 0 0 0 0 0 0]
 [0 0 0 0 0 0 0]]
(P, Q):
1 1 1 1 0 0 0 0 0 0 0 | 1 1 1 1 0 0 0 0 0 0 0
2 2 2 0 0 0 0 0 0 0 0 | 2 2 2 0 0 0 0 0 0 0 0
3 3 3 0 0 0 0 0 0 0 0 | 3 3 3 0 0 0 0 0 0 0 0
4 0 0 0 0 0 0 0 0 0 0 | 4 0 0 0 0 0 0 0 0 0 0
0 0 0 0 0 0 0 0 0 0 0 | 0 0 0 0 0 0 0 0 0 0 0
0 0 0 0 0 0 0 0 0 0 0 | 0 0 0 0 0 0 0 0 0 0 0
0 0 0 0 0 0 0 0 0 0 0 | 0 0 0 0 0 0 0 0 0 0 0
0 0 0 0 0 0 0 0 0 0 0 | 0 0 0 0 0 0 0 0 0 0 0
0 0 0 0 0 0 0 0 0 0 0 | 0 0 0 0 0 0 0 0 0 0 0
0 0 0 0 0 0 0 0 0 0 0 | 0 0 0 0 0 0 0 0 0 0 0
0 0 0 0 0 0 0 0 0 0 0 | 0 0 0 0 0 0 0 0 0 0 0
---
ABC0 matrix:
[[1 0 2 2]
 [0 2 2 0]
 [2 2 0 0]
 [2 0 0 0]]
A0C0 P: 
[[0 0 0 3 3 0 0 0 0]
 [3 3 4 4 0 0 0 0 0]
 [0 0 0 0 0 0 0 0 0]
 [0 0 0 0 0 0 0 0 0]
 [0 0 0 0 0 0 0 0 0]
 [0 0 0 0 0 0 0 0 0]
 [0 0 0 0 0 0 0 0 0]
 [0 0 0 0 0 0 0 0 0]
 [0 0 0 0 0 0 0 0 0]]
AB00 Q: 
[[0 0 0 3 3 0 0 0 0]
 [3 3 4 4 0 0 0 0 0]
 [0 0 0 0 0 0 0 0 0]
 [0 0 0 0 0 0 0 0 0]
 [0 0 0 0 0 0 0 0 0]
 [0 0 0 0 0 0 0 0 0]
 [0 0 0 0 0 0 0 0 0]
 [0 0 0 0 0 0 0 0 0]
 [0 0 0 0 0 0 0 0 0]]
(P, Q):
1 1 1 1 1 0 0 0 0 0 0 0 0 0 0 | 1 1 1 1 1 0 0 0 0 0 0 0 0 0 0
2 2 2 2 0 0 0 0 0 0 0 0 0 0 0 | 2 2 2 2 0 0 0 0 0 0 0 0 0 0 0
3 3 3 3 0 0 0 0 0 0 0 0 0 0 0 | 3 3 3 3 0 0 0 0 0 0 0 0 0 0 0
4 4 0 0 0 0 0 0 0 0 0 0 0 0 0 | 4 4 0 0 0 0 0 0 0 0 0 0 0 0 0
0 0 0 0 0 0 0 0 0 0 0 0 0 0 0 | 0 0 0 0 0 0 0 0 0 0 0 0 0 0 0
0 0 0 0 0 0 0 0 0 0 0 0 0 0 0 | 0 0 0 0 0 0 0 0 0 0 0 0 0 0 0
0 0 0 0 0 0 0 0 0 0 0 0 0 0 0 | 0 0 0 0 0 0 0 0 0 0 0 0 0 0 0
0 0 0 0 0 0 0 0 0 0 0 0 0 0 0 | 0 0 0 0 0 0 0 0 0 0 0 0 0 0 0
0 0 0 0 0 0 0 0 0 0 0 0 0 0 0 | 0 0 0 0 0 0 0 0 0 0 0 0 0 0 0
0 0 0 0 0 0 0 0 0 0 0 0 0 0 0 | 0 0 0 0 0 0 0 0 0 0 0 0 0 0 0
0 0 0 0 0 0 0 0 0 0 0 0 0 0 0 | 0 0 0 0 0 0 0 0 0 0 0 0 0 0 0
0 0 0 0 0 0 0 0 0 0 0 0 0 0 0 | 0 0 0 0 0 0 0 0 0 0 0 0 0 0 0
0 0 0 0 0 0 0 0 0 0 0 0 0 0 0 | 0 0 0 0 0 0 0 0 0 0 0 0 0 0 0
0 0 0 0 0 0 0 0 0 0 0 0 0 0 0 | 0 0 0 0 0 0 0 0 0 0 0 0 0 0 0
0 0 0 0 0 0 0 0 0 0 0 0 0 0 0 | 0 0 0 0 0 0 0 0 0 0 0 0 0 0 0
---
ABC0 matrix:
[[1 0 1 1]
 [1 0 1 0]
 [1 0 0 0]
 [0 0 0 0]]
A0C0 P: 
[[0 0 3]
 [0 0 0]
 [0 0 0]]
AB00 Q: 
[[0 0 3 0 0]
 [3 4 0 0 0]
 [0 0 0 0 0]
 [0 0 0 0 0]
 [0 0 0 0 0]]
(P, Q):
1 1 1 0 0 0 | 1 1 1 0 0 0
2 2 0 0 0 0 | 3 3 0 0 0 0
3 0 0 0 0 0 | 4 0 0 0 0 0
0 0 0 0 0 0 | 0 0 0 0 0 0
0 0 0 0 0 0 | 0 0 0 0 0 0
0 0 0 0 0 0 | 0 0 0 0 0 0
---
ABC0 matrix:
[[1 0 1 2]
 [1 0 2 0]
 [2 0 0 0]
 [0 0 0 0]]
A0C0 P: 
[[0 0 3 3]
 [0 0 0 0]
 [0 0 0 0]
 [0 0 0 0]]
AB00 Q: 
[[0 0 3 3 0 0 0]
 [3 4 4 0 0 0 0]
 [0 0 0 0 0 0 0]
 [0 0 0 0 0 0 0]
 [0 0 0 0 0 0 0]
 [0 0 0 0 0 0 0]
 [0 0 0 0 0 0 0]]
(P, Q):
1 1 1 1 0 0 0 0 0 | 1 1 1 1 0 0 0 0 0
2 2 2 0 0 0 0 0 0 | 3 3 3 0 0 0 0 0 0
3 3 0 0 0 0 0 0 0 | 4 4 0 0 0 0 0 0 0
0 0 0 0 0 0 0 0 0 | 0 0 0 0 0 0 0 0 0
0 0 0 0 0 0 0 0 0 | 0 0 0 0 0 0 0 0 0
0 0 0 0 0 0 0 0 0 | 0 0 0 0 0 0 0 0 0
0 0 0 0 0 0 0 0 0 | 0 0 0 0 0 0 0 0 0
0 0 0 0 0 0 0 0 0 | 0 0 0 0 0 0 0 0 0
0 0 0 0 0 0 0 0 0 | 0 0 0 0 0 0 0 0 0
---
ABC0 matrix:
[[1 0 2 1]
 [2 0 1 0]
 [1 0 0 0]
 [0 0 0 0]]
A0C0 P: 
[[0 0 0 3]
 [0 0 0 0]
 [0 0 0 0]
 [0 0 0 0]]
AB00 Q: 
[[0 0 0 3 0 0 0]
 [3 3 4 0 0 0 0]
 [0 0 0 0 0 0 0]
 [0 0 0 0 0 0 0]
 [0 0 0 0 0 0 0]
 [0 0 0 0 0 0 0]
 [0 0 0 0 0 0 0]]
(P, Q):
1 1 1 1 0 0 0 0 | 1 1 1 1 0 0 0 0
2 2 2 0 0 0 0 0 | 3 3 3 0 0 0 0 0
3 0 0 0 0 0 0 0 | 4 0 0 0 0 0 0 0
0 0 0 0 0 0 0 0 | 0 0 0 0 0 0 0 0
0 0 0 0 0 0 0 0 | 0 0 0 0 0 0 0 0
0 0 0 0 0 0 0 0 | 0 0 0 0 0 0 0 0
0 0 0 0 0 0 0 0 | 0 0 0 0 0 0 0 0
0 0 0 0 0 0 0 0 | 0 0 0 0 0 0 0 0
---
ABC0 matrix:
[[1 0 2 2]
 [2 0 2 0]
 [2 0 0 0]
 [0 0 0 0]]
A0C0 P: 
[[0 0 0 3 3]
 [0 0 0 0 0]
 [0 0 0 0 0]
 [0 0 0 0 0]
 [0 0 0 0 0]]
AB00 Q: 
[[0 0 0 3 3 0 0 0 0]
 [3 3 4 4 0 0 0 0 0]
 [0 0 0 0 0 0 0 0 0]
 [0 0 0 0 0 0 0 0 0]
 [0 0 0 0 0 0 0 0 0]
 [0 0 0 0 0 0 0 0 0]
 [0 0 0 0 0 0 0 0 0]
 [0 0 0 0 0 0 0 0 0]
 [0 0 0 0 0 0 0 0 0]]
(P, Q):
1 1 1 1 1 0 0 0 0 0 0 | 1 1 1 1 1 0 0 0 0 0 0
2 2 2 2 0 0 0 0 0 0 0 | 3 3 3 3 0 0 0 0 0 0 0
3 3 0 0 0 0 0 0 0 0 0 | 4 4 0 0 0 0 0 0 0 0 0
0 0 0 0 0 0 0 0 0 0 0 | 0 0 0 0 0 0 0 0 0 0 0
0 0 0 0 0 0 0 0 0 0 0 | 0 0 0 0 0 0 0 0 0 0 0
0 0 0 0 0 0 0 0 0 0 0 | 0 0 0 0 0 0 0 0 0 0 0
0 0 0 0 0 0 0 0 0 0 0 | 0 0 0 0 0 0 0 0 0 0 0
0 0 0 0 0 0 0 0 0 0 0 | 0 0 0 0 0 0 0 0 0 0 0
0 0 0 0 0 0 0 0 0 0 0 | 0 0 0 0 0 0 0 0 0 0 0
0 0 0 0 0 0 0 0 0 0 0 | 0 0 0 0 0 0 0 0 0 0 0
0 0 0 0 0 0 0 0 0 0 0 | 0 0 0 0 0 0 0 0 0 0 0
---
ABC0 matrix:
[[1 1 1 0]
 [0 0 0 0]
 [1 1 0 0]
 [1 0 0 0]]
A0C0 P: 
[[0 0 3 0 0]
 [3 4 0 0 0]
 [0 0 0 0 0]
 [0 0 0 0 0]
 [0 0 0 0 0]]
AB00 Q: 
[[0 0 3]
 [0 0 0]
 [0 0 0]]
(P, Q):
1 1 1 0 0 0 | 1 1 1 0 0 0
3 3 0 0 0 0 | 2 2 0 0 0 0
4 0 0 0 0 0 | 3 0 0 0 0 0
0 0 0 0 0 0 | 0 0 0 0 0 0
0 0 0 0 0 0 | 0 0 0 0 0 0
0 0 0 0 0 0 | 0 0 0 0 0 0
---
ABC0 matrix:
[[1 1 2 0]
 [0 0 0 0]
 [1 2 0 0]
 [2 0 0 0]]
A0C0 P: 
[[0 0 3 3 0 0 0]
 [3 4 4 0 0 0 0]
 [0 0 0 0 0 0 0]
 [0 0 0 0 0 0 0]
 [0 0 0 0 0 0 0]
 [0 0 0 0 0 0 0]
 [0 0 0 0 0 0 0]]
AB00 Q: 
[[0 0 3 3]
 [0 0 0 0]
 [0 0 0 0]
 [0 0 0 0]]
(P, Q):
1 1 1 1 0 0 0 0 0 | 1 1 1 1 0 0 0 0 0
3 3 3 0 0 0 0 0 0 | 2 2 2 0 0 0 0 0 0
4 4 0 0 0 0 0 0 0 | 3 3 0 0 0 0 0 0 0
0 0 0 0 0 0 0 0 0 | 0 0 0 0 0 0 0 0 0
0 0 0 0 0 0 0 0 0 | 0 0 0 0 0 0 0 0 0
0 0 0 0 0 0 0 0 0 | 0 0 0 0 0 0 0 0 0
0 0 0 0 0 0 0 0 0 | 0 0 0 0 0 0 0 0 0
0 0 0 0 0 0 0 0 0 | 0 0 0 0 0 0 0 0 0
0 0 0 0 0 0 0 0 0 | 0 0 0 0 0 0 0 0 0
---
ABC0 matrix:
[[1 1 0 1]
 [1 0 1 0]
 [0 1 0 0]
 [1 0 0 0]]
A0C0 P: 
[[0 0 3 0 0]
 [0 4 0 0 0]
 [0 0 0 0 0]
 [0 0 0 0 0]
 [0 0 0 0 0]]
AB00 Q: 
[[0 0 3 0 0]
 [0 4 0 0 0]
 [0 0 0 0 0]
 [0 0 0 0 0]
 [0 0 0 0 0]]
(P, Q):
1 1 1 0 0 0 0 | 1 1 1 0 0 0 0
2 2 0 0 0 0 0 | 2 2 0 0 0 0 0
3 0 0 0 0 0 0 | 3 0 0 0 0 0 0
4 0 0 0 0 0 0 | 4 0 0 0 0 0 0
0 0 0 0 0 0 0 | 0 0 0 0 0 0 0
0 0 0 0 0 0 0 | 0 0 0 0 0 0 0
0 0 0 0 0 0 0 | 0 0 0 0 0 0 0
---
ABC0 matrix:
[[1 1 0 2]
 [1 0 2 0]
 [0 2 0 0]
 [2 0 0 0]]
A0C0 P: 
[[0 0 3 3 0 0 0]
 [0 4 4 0 0 0 0]
 [0 0 0 0 0 0 0]
 [0 0 0 0 0 0 0]
 [0 0 0 0 0 0 0]
 [0 0 0 0 0 0 0]
 [0 0 0 0 0 0 0]]
AB00 Q: 
[[0 0 3 3 0 0 0]
 [0 4 4 0 0 0 0]
 [0 0 0 0 0 0 0]
 [0 0 0 0 0 0 0]
 [0 0 0 0 0 0 0]
 [0 0 0 0 0 0 0]
 [0 0 0 0 0 0 0]]
(P, Q):
1 1 1 1 0 0 0 0 0 0 0 | 1 1 1 1 0 0 0 0 0 0 0
2 2 2 0 0 0 0 0 0 0 0 | 2 2 2 0 0 0 0 0 0 0 0
3 3 0 0 0 0 0 0 0 0 0 | 3 3 0 0 0 0 0 0 0 0 0
4 4 0 0 0 0 0 0 0 0 0 | 4 4 0 0 0 0 0 0 0 0 0
0 0 0 0 0 0 0 0 0 0 0 | 0 0 0 0 0 0 0 0 0 0 0
0 0 0 0 0 0 0 0 0 0 0 | 0 0 0 0 0 0 0 0 0 0 0
0 0 0 0 0 0 0 0 0 0 0 | 0 0 0 0 0 0 0 0 0 0 0
0 0 0 0 0 0 0 0 0 0 0 | 0 0 0 0 0 0 0 0 0 0 0
0 0 0 0 0 0 0 0 0 0 0 | 0 0 0 0 0 0 0 0 0 0 0
0 0 0 0 0 0 0 0 0 0 0 | 0 0 0 0 0 0 0 0 0 0 0
0 0 0 0 0 0 0 0 0 0 0 | 0 0 0 0 0 0 0 0 0 0 0
---
ABC0 matrix:
[[1 1 1 0]
 [1 1 0 0]
 [1 0 0 0]
 [0 0 0 0]]
A0C0 P: 
[[0 0 0 0 0]
 [0 3 0 0 0]
 [0 0 0 0 0]
 [0 0 0 0 0]
 [0 0 0 0 0]]
AB00 Q: 
[[0 0 0 0 0]
 [0 3 0 0 0]
 [0 0 0 0 0]
 [0 0 0 0 0]
 [0 0 0 0 0]]
(P, Q):
1 1 1 0 0 0 | 1 1 1 0 0 0
2 2 0 0 0 0 | 2 2 0 0 0 0
3 0 0 0 0 0 | 3 0 0 0 0 0
0 0 0 0 0 0 | 0 0 0 0 0 0
0 0 0 0 0 0 | 0 0 0 0 0 0
0 0 0 0 0 0 | 0 0 0 0 0 0
---
ABC0 matrix:
[[1 1 1 1]
 [1 1 1 0]
 [1 1 0 0]
 [1 0 0 0]]
A0C0 P: 
[[0 0 0 3 0 0 0]
 [0 3 4 0 0 0 0]
 [0 0 0 0 0 0 0]
 [0 0 0 0 0 0 0]
 [0 0 0 0 0 0 0]
 [0 0 0 0 0 0 0]
 [0 0 0 0 0 0 0]]
AB00 Q: 
[[0 0 0 3 0 0 0]
 [0 3 4 0 0 0 0]
 [0 0 0 0 0 0 0]
 [0 0 0 0 0 0 0]
 [0 0 0 0 0 0 0]
 [0 0 0 0 0 0 0]
 [0 0 0 0 0 0 0]]
(P, Q):
1 1 1 1 0 0 0 0 0 0 | 1 1 1 1 0 0 0 0 0 0
2 2 2 0 0 0 0 0 0 0 | 2 2 2 0 0 0 0 0 0 0
3 3 0 0 0 0 0 0 0 0 | 3 3 0 0 0 0 0 0 0 0
4 0 0 0 0 0 0 0 0 0 | 4 0 0 0 0 0 0 0 0 0
0 0 0 0 0 0 0 0 0 0 | 0 0 0 0 0 0 0 0 0 0
0 0 0 0 0 0 0 0 0 0 | 0 0 0 0 0 0 0 0 0 0
0 0 0 0 0 0 0 0 0 0 | 0 0 0 0 0 0 0 0 0 0
0 0 0 0 0 0 0 0 0 0 | 0 0 0 0 0 0 0 0 0 0
0 0 0 0 0 0 0 0 0 0 | 0 0 0 0 0 0 0 0 0 0
0 0 0 0 0 0 0 0 0 0 | 0 0 0 0 0 0 0 0 0 0
---
ABC0 matrix:
[[1 1 1 2]
 [1 1 2 0]
 [1 2 0 0]
 [2 0 0 0]]
A0C0 P: 
[[0 0 0 3 3 0 0 0 0]
 [0 3 4 4 0 0 0 0 0]
 [0 0 0 0 0 0 0 0 0]
 [0 0 0 0 0 0 0 0 0]
 [0 0 0 0 0 0 0 0 0]
 [0 0 0 0 0 0 0 0 0]
 [0 0 0 0 0 0 0 0 0]
 [0 0 0 0 0 0 0 0 0]
 [0 0 0 0 0 0 0 0 0]]
AB00 Q: 
[[0 0 0 3 3 0 0 0 0]
 [0 3 4 4 0 0 0 0 0]
 [0 0 0 0 0 0 0 0 0]
 [0 0 0 0 0 0 0 0 0]
 [0 0 0 0 0 0 0 0 0]
 [0 0 0 0 0 0 0 0 0]
 [0 0 0 0 0 0 0 0 0]
 [0 0 0 0 0 0 0 0 0]
 [0 0 0 0 0 0 0 0 0]]
(P, Q):
1 1 1 1 1 0 0 0 0 0 0 0 0 0 | 1 1 1 1 1 0 0 0 0 0 0 0 0 0
2 2 2 2 0 0 0 0 0 0 0 0 0 0 | 2 2 2 2 0 0 0 0 0 0 0 0 0 0
3 3 3 0 0 0 0 0 0 0 0 0 0 0 | 3 3 3 0 0 0 0 0 0 0 0 0 0 0
4 4 0 0 0 0 0 0 0 0 0 0 0 0 | 4 4 0 0 0 0 0 0 0 0 0 0 0 0
0 0 0 0 0 0 0 0 0 0 0 0 0 0 | 0 0 0 0 0 0 0 0 0 0 0 0 0 0
0 0 0 0 0 0 0 0 0 0 0 0 0 0 | 0 0 0 0 0 0 0 0 0 0 0 0 0 0
0 0 0 0 0 0 0 0 0 0 0 0 0 0 | 0 0 0 0 0 0 0 0 0 0 0 0 0 0
0 0 0 0 0 0 0 0 0 0 0 0 0 0 | 0 0 0 0 0 0 0 0 0 0 0 0 0 0
0 0 0 0 0 0 0 0 0 0 0 0 0 0 | 0 0 0 0 0 0 0 0 0 0 0 0 0 0
0 0 0 0 0 0 0 0 0 0 0 0 0 0 | 0 0 0 0 0 0 0 0 0 0 0 0 0 0
0 0 0 0 0 0 0 0 0 0 0 0 0 0 | 0 0 0 0 0 0 0 0 0 0 0 0 0 0
0 0 0 0 0 0 0 0 0 0 0 0 0 0 | 0 0 0 0 0 0 0 0 0 0 0 0 0 0
0 0 0 0 0 0 0 0 0 0 0 0 0 0 | 0 0 0 0 0 0 0 0 0 0 0 0 0 0
0 0 0 0 0 0 0 0 0 0 0 0 0 0 | 0 0 0 0 0 0 0 0 0 0 0 0 0 0
---
ABC0 matrix:
[[1 1 2 0]
 [1 2 0 0]
 [2 0 0 0]
 [0 0 0 0]]
A0C0 P: 
[[0 0 0 0 0 0 0]
 [0 3 3 0 0 0 0]
 [0 0 0 0 0 0 0]
 [0 0 0 0 0 0 0]
 [0 0 0 0 0 0 0]
 [0 0 0 0 0 0 0]
 [0 0 0 0 0 0 0]]
AB00 Q: 
[[0 0 0 0 0 0 0]
 [0 3 3 0 0 0 0]
 [0 0 0 0 0 0 0]
 [0 0 0 0 0 0 0]
 [0 0 0 0 0 0 0]
 [0 0 0 0 0 0 0]
 [0 0 0 0 0 0 0]]
(P, Q):
1 1 1 1 0 0 0 0 0 | 1 1 1 1 0 0 0 0 0
2 2 2 0 0 0 0 0 0 | 2 2 2 0 0 0 0 0 0
3 3 0 0 0 0 0 0 0 | 3 3 0 0 0 0 0 0 0
0 0 0 0 0 0 0 0 0 | 0 0 0 0 0 0 0 0 0
0 0 0 0 0 0 0 0 0 | 0 0 0 0 0 0 0 0 0
0 0 0 0 0 0 0 0 0 | 0 0 0 0 0 0 0 0 0
0 0 0 0 0 0 0 0 0 | 0 0 0 0 0 0 0 0 0
0 0 0 0 0 0 0 0 0 | 0 0 0 0 0 0 0 0 0
0 0 0 0 0 0 0 0 0 | 0 0 0 0 0 0 0 0 0
---
ABC0 matrix:
[[1 1 2 1]
 [1 2 1 0]
 [2 1 0 0]
 [1 0 0 0]]
A0C0 P: 
[[0 0 0 0 3 0 0 0 0]
 [0 3 3 4 0 0 0 0 0]
 [0 0 0 0 0 0 0 0 0]
 [0 0 0 0 0 0 0 0 0]
 [0 0 0 0 0 0 0 0 0]
 [0 0 0 0 0 0 0 0 0]
 [0 0 0 0 0 0 0 0 0]
 [0 0 0 0 0 0 0 0 0]
 [0 0 0 0 0 0 0 0 0]]
AB00 Q: 
[[0 0 0 0 3 0 0 0 0]
 [0 3 3 4 0 0 0 0 0]
 [0 0 0 0 0 0 0 0 0]
 [0 0 0 0 0 0 0 0 0]
 [0 0 0 0 0 0 0 0 0]
 [0 0 0 0 0 0 0 0 0]
 [0 0 0 0 0 0 0 0 0]
 [0 0 0 0 0 0 0 0 0]
 [0 0 0 0 0 0 0 0 0]]
(P, Q):
1 1 1 1 1 0 0 0 0 0 0 0 0 | 1 1 1 1 1 0 0 0 0 0 0 0 0
2 2 2 2 0 0 0 0 0 0 0 0 0 | 2 2 2 2 0 0 0 0 0 0 0 0 0
3 3 3 0 0 0 0 0 0 0 0 0 0 | 3 3 3 0 0 0 0 0 0 0 0 0 0
4 0 0 0 0 0 0 0 0 0 0 0 0 | 4 0 0 0 0 0 0 0 0 0 0 0 0
0 0 0 0 0 0 0 0 0 0 0 0 0 | 0 0 0 0 0 0 0 0 0 0 0 0 0
0 0 0 0 0 0 0 0 0 0 0 0 0 | 0 0 0 0 0 0 0 0 0 0 0 0 0
0 0 0 0 0 0 0 0 0 0 0 0 0 | 0 0 0 0 0 0 0 0 0 0 0 0 0
0 0 0 0 0 0 0 0 0 0 0 0 0 | 0 0 0 0 0 0 0 0 0 0 0 0 0
0 0 0 0 0 0 0 0 0 0 0 0 0 | 0 0 0 0 0 0 0 0 0 0 0 0 0
0 0 0 0 0 0 0 0 0 0 0 0 0 | 0 0 0 0 0 0 0 0 0 0 0 0 0
0 0 0 0 0 0 0 0 0 0 0 0 0 | 0 0 0 0 0 0 0 0 0 0 0 0 0
0 0 0 0 0 0 0 0 0 0 0 0 0 | 0 0 0 0 0 0 0 0 0 0 0 0 0
0 0 0 0 0 0 0 0 0 0 0 0 0 | 0 0 0 0 0 0 0 0 0 0 0 0 0
---
ABC0 matrix:
[[1 1 2 2]
 [1 2 2 0]
 [2 2 0 0]
 [2 0 0 0]]
A0C0 P: 
[[0 0 0 0 3 3 0 0 0 0 0]
 [0 3 3 4 4 0 0 0 0 0 0]
 [0 0 0 0 0 0 0 0 0 0 0]
 [0 0 0 0 0 0 0 0 0 0 0]
 [0 0 0 0 0 0 0 0 0 0 0]
 [0 0 0 0 0 0 0 0 0 0 0]
 [0 0 0 0 0 0 0 0 0 0 0]
 [0 0 0 0 0 0 0 0 0 0 0]
 [0 0 0 0 0 0 0 0 0 0 0]
 [0 0 0 0 0 0 0 0 0 0 0]
 [0 0 0 0 0 0 0 0 0 0 0]]
AB00 Q: 
[[0 0 0 0 3 3 0 0 0 0 0]
 [0 3 3 4 4 0 0 0 0 0 0]
 [0 0 0 0 0 0 0 0 0 0 0]
 [0 0 0 0 0 0 0 0 0 0 0]
 [0 0 0 0 0 0 0 0 0 0 0]
 [0 0 0 0 0 0 0 0 0 0 0]
 [0 0 0 0 0 0 0 0 0 0 0]
 [0 0 0 0 0 0 0 0 0 0 0]
 [0 0 0 0 0 0 0 0 0 0 0]
 [0 0 0 0 0 0 0 0 0 0 0]
 [0 0 0 0 0 0 0 0 0 0 0]]
(P, Q):
1 1 1 1 1 1 0 0 0 0 0 0 0 0 0 0 0 | 1 1 1 1 1 1 0 0 0 0 0 0 0 0 0 0 0
2 2 2 2 2 0 0 0 0 0 0 0 0 0 0 0 0 | 2 2 2 2 2 0 0 0 0 0 0 0 0 0 0 0 0
3 3 3 3 0 0 0 0 0 0 0 0 0 0 0 0 0 | 3 3 3 3 0 0 0 0 0 0 0 0 0 0 0 0 0
4 4 0 0 0 0 0 0 0 0 0 0 0 0 0 0 0 | 4 4 0 0 0 0 0 0 0 0 0 0 0 0 0 0 0
0 0 0 0 0 0 0 0 0 0 0 0 0 0 0 0 0 | 0 0 0 0 0 0 0 0 0 0 0 0 0 0 0 0 0
0 0 0 0 0 0 0 0 0 0 0 0 0 0 0 0 0 | 0 0 0 0 0 0 0 0 0 0 0 0 0 0 0 0 0
0 0 0 0 0 0 0 0 0 0 0 0 0 0 0 0 0 | 0 0 0 0 0 0 0 0 0 0 0 0 0 0 0 0 0
0 0 0 0 0 0 0 0 0 0 0 0 0 0 0 0 0 | 0 0 0 0 0 0 0 0 0 0 0 0 0 0 0 0 0
0 0 0 0 0 0 0 0 0 0 0 0 0 0 0 0 0 | 0 0 0 0 0 0 0 0 0 0 0 0 0 0 0 0 0
0 0 0 0 0 0 0 0 0 0 0 0 0 0 0 0 0 | 0 0 0 0 0 0 0 0 0 0 0 0 0 0 0 0 0
0 0 0 0 0 0 0 0 0 0 0 0 0 0 0 0 0 | 0 0 0 0 0 0 0 0 0 0 0 0 0 0 0 0 0
0 0 0 0 0 0 0 0 0 0 0 0 0 0 0 0 0 | 0 0 0 0 0 0 0 0 0 0 0 0 0 0 0 0 0
0 0 0 0 0 0 0 0 0 0 0 0 0 0 0 0 0 | 0 0 0 0 0 0 0 0 0 0 0 0 0 0 0 0 0
0 0 0 0 0 0 0 0 0 0 0 0 0 0 0 0 0 | 0 0 0 0 0 0 0 0 0 0 0 0 0 0 0 0 0
0 0 0 0 0 0 0 0 0 0 0 0 0 0 0 0 0 | 0 0 0 0 0 0 0 0 0 0 0 0 0 0 0 0 0
0 0 0 0 0 0 0 0 0 0 0 0 0 0 0 0 0 | 0 0 0 0 0 0 0 0 0 0 0 0 0 0 0 0 0
0 0 0 0 0 0 0 0 0 0 0 0 0 0 0 0 0 | 0 0 0 0 0 0 0 0 0 0 0 0 0 0 0 0 0
---
ABC0 matrix:
[[1 2 1 0]
 [0 0 0 0]
 [2 1 0 0]
 [1 0 0 0]]
A0C0 P: 
[[0 0 0 3 0 0 0]
 [3 3 4 0 0 0 0]
 [0 0 0 0 0 0 0]
 [0 0 0 0 0 0 0]
 [0 0 0 0 0 0 0]
 [0 0 0 0 0 0 0]
 [0 0 0 0 0 0 0]]
AB00 Q: 
[[0 0 0 3]
 [0 0 0 0]
 [0 0 0 0]
 [0 0 0 0]]
(P, Q):
1 1 1 1 0 0 0 0 | 1 1 1 1 0 0 0 0
3 3 3 0 0 0 0 0 | 2 2 2 0 0 0 0 0
4 0 0 0 0 0 0 0 | 3 0 0 0 0 0 0 0
0 0 0 0 0 0 0 0 | 0 0 0 0 0 0 0 0
0 0 0 0 0 0 0 0 | 0 0 0 0 0 0 0 0
0 0 0 0 0 0 0 0 | 0 0 0 0 0 0 0 0
0 0 0 0 0 0 0 0 | 0 0 0 0 0 0 0 0
0 0 0 0 0 0 0 0 | 0 0 0 0 0 0 0 0
---
ABC0 matrix:
[[1 2 2 0]
 [0 0 0 0]
 [2 2 0 0]
 [2 0 0 0]]
A0C0 P: 
[[0 0 0 3 3 0 0 0 0]
 [3 3 4 4 0 0 0 0 0]
 [0 0 0 0 0 0 0 0 0]
 [0 0 0 0 0 0 0 0 0]
 [0 0 0 0 0 0 0 0 0]
 [0 0 0 0 0 0 0 0 0]
 [0 0 0 0 0 0 0 0 0]
 [0 0 0 0 0 0 0 0 0]
 [0 0 0 0 0 0 0 0 0]]
AB00 Q: 
[[0 0 0 3 3]
 [0 0 0 0 0]
 [0 0 0 0 0]
 [0 0 0 0 0]
 [0 0 0 0 0]]
(P, Q):
1 1 1 1 1 0 0 0 0 0 0 | 1 1 1 1 1 0 0 0 0 0 0
3 3 3 3 0 0 0 0 0 0 0 | 2 2 2 2 0 0 0 0 0 0 0
4 4 0 0 0 0 0 0 0 0 0 | 3 3 0 0 0 0 0 0 0 0 0
0 0 0 0 0 0 0 0 0 0 0 | 0 0 0 0 0 0 0 0 0 0 0
0 0 0 0 0 0 0 0 0 0 0 | 0 0 0 0 0 0 0 0 0 0 0
0 0 0 0 0 0 0 0 0 0 0 | 0 0 0 0 0 0 0 0 0 0 0
0 0 0 0 0 0 0 0 0 0 0 | 0 0 0 0 0 0 0 0 0 0 0
0 0 0 0 0 0 0 0 0 0 0 | 0 0 0 0 0 0 0 0 0 0 0
0 0 0 0 0 0 0 0 0 0 0 | 0 0 0 0 0 0 0 0 0 0 0
0 0 0 0 0 0 0 0 0 0 0 | 0 0 0 0 0 0 0 0 0 0 0
0 0 0 0 0 0 0 0 0 0 0 | 0 0 0 0 0 0 0 0 0 0 0
---
ABC0 matrix:
[[1 2 0 1]
 [2 0 1 0]
 [0 1 0 0]
 [1 0 0 0]]
A0C0 P: 
[[0 0 0 3 0 0 0]
 [0 0 4 0 0 0 0]
 [0 0 0 0 0 0 0]
 [0 0 0 0 0 0 0]
 [0 0 0 0 0 0 0]
 [0 0 0 0 0 0 0]
 [0 0 0 0 0 0 0]]
AB00 Q: 
[[0 0 0 3 0 0 0]
 [0 0 4 0 0 0 0]
 [0 0 0 0 0 0 0]
 [0 0 0 0 0 0 0]
 [0 0 0 0 0 0 0]
 [0 0 0 0 0 0 0]
 [0 0 0 0 0 0 0]]
(P, Q):
1 1 1 1 0 0 0 0 0 | 1 1 1 1 0 0 0 0 0
2 2 2 0 0 0 0 0 0 | 2 2 2 0 0 0 0 0 0
3 0 0 0 0 0 0 0 0 | 3 0 0 0 0 0 0 0 0
4 0 0 0 0 0 0 0 0 | 4 0 0 0 0 0 0 0 0
0 0 0 0 0 0 0 0 0 | 0 0 0 0 0 0 0 0 0
0 0 0 0 0 0 0 0 0 | 0 0 0 0 0 0 0 0 0
0 0 0 0 0 0 0 0 0 | 0 0 0 0 0 0 0 0 0
0 0 0 0 0 0 0 0 0 | 0 0 0 0 0 0 0 0 0
0 0 0 0 0 0 0 0 0 | 0 0 0 0 0 0 0 0 0
---
ABC0 matrix:
[[1 2 0 2]
 [2 0 2 0]
 [0 2 0 0]
 [2 0 0 0]]
A0C0 P: 
[[0 0 0 3 3 0 0 0 0]
 [0 0 4 4 0 0 0 0 0]
 [0 0 0 0 0 0 0 0 0]
 [0 0 0 0 0 0 0 0 0]
 [0 0 0 0 0 0 0 0 0]
 [0 0 0 0 0 0 0 0 0]
 [0 0 0 0 0 0 0 0 0]
 [0 0 0 0 0 0 0 0 0]
 [0 0 0 0 0 0 0 0 0]]
AB00 Q: 
[[0 0 0 3 3 0 0 0 0]
 [0 0 4 4 0 0 0 0 0]
 [0 0 0 0 0 0 0 0 0]
 [0 0 0 0 0 0 0 0 0]
 [0 0 0 0 0 0 0 0 0]
 [0 0 0 0 0 0 0 0 0]
 [0 0 0 0 0 0 0 0 0]
 [0 0 0 0 0 0 0 0 0]
 [0 0 0 0 0 0 0 0 0]]
(P, Q):
1 1 1 1 1 0 0 0 0 0 0 0 0 | 1 1 1 1 1 0 0 0 0 0 0 0 0
2 2 2 2 0 0 0 0 0 0 0 0 0 | 2 2 2 2 0 0 0 0 0 0 0 0 0
3 3 0 0 0 0 0 0 0 0 0 0 0 | 3 3 0 0 0 0 0 0 0 0 0 0 0
4 4 0 0 0 0 0 0 0 0 0 0 0 | 4 4 0 0 0 0 0 0 0 0 0 0 0
0 0 0 0 0 0 0 0 0 0 0 0 0 | 0 0 0 0 0 0 0 0 0 0 0 0 0
0 0 0 0 0 0 0 0 0 0 0 0 0 | 0 0 0 0 0 0 0 0 0 0 0 0 0
0 0 0 0 0 0 0 0 0 0 0 0 0 | 0 0 0 0 0 0 0 0 0 0 0 0 0
0 0 0 0 0 0 0 0 0 0 0 0 0 | 0 0 0 0 0 0 0 0 0 0 0 0 0
0 0 0 0 0 0 0 0 0 0 0 0 0 | 0 0 0 0 0 0 0 0 0 0 0 0 0
0 0 0 0 0 0 0 0 0 0 0 0 0 | 0 0 0 0 0 0 0 0 0 0 0 0 0
0 0 0 0 0 0 0 0 0 0 0 0 0 | 0 0 0 0 0 0 0 0 0 0 0 0 0
0 0 0 0 0 0 0 0 0 0 0 0 0 | 0 0 0 0 0 0 0 0 0 0 0 0 0
0 0 0 0 0 0 0 0 0 0 0 0 0 | 0 0 0 0 0 0 0 0 0 0 0 0 0
---
ABC0 matrix:
[[1 2 1 0]
 [2 1 0 0]
 [1 0 0 0]
 [0 0 0 0]]
A0C0 P: 
[[0 0 0 0 0 0 0]
 [0 0 3 0 0 0 0]
 [0 0 0 0 0 0 0]
 [0 0 0 0 0 0 0]
 [0 0 0 0 0 0 0]
 [0 0 0 0 0 0 0]
 [0 0 0 0 0 0 0]]
AB00 Q: 
[[0 0 0 0 0 0 0]
 [0 0 3 0 0 0 0]
 [0 0 0 0 0 0 0]
 [0 0 0 0 0 0 0]
 [0 0 0 0 0 0 0]
 [0 0 0 0 0 0 0]
 [0 0 0 0 0 0 0]]
(P, Q):
1 1 1 1 0 0 0 0 | 1 1 1 1 0 0 0 0
2 2 2 0 0 0 0 0 | 2 2 2 0 0 0 0 0
3 0 0 0 0 0 0 0 | 3 0 0 0 0 0 0 0
0 0 0 0 0 0 0 0 | 0 0 0 0 0 0 0 0
0 0 0 0 0 0 0 0 | 0 0 0 0 0 0 0 0
0 0 0 0 0 0 0 0 | 0 0 0 0 0 0 0 0
0 0 0 0 0 0 0 0 | 0 0 0 0 0 0 0 0
0 0 0 0 0 0 0 0 | 0 0 0 0 0 0 0 0
---
ABC0 matrix:
[[1 2 1 1]
 [2 1 1 0]
 [1 1 0 0]
 [1 0 0 0]]
A0C0 P: 
[[0 0 0 0 3 0 0 0 0]
 [0 0 3 4 0 0 0 0 0]
 [0 0 0 0 0 0 0 0 0]
 [0 0 0 0 0 0 0 0 0]
 [0 0 0 0 0 0 0 0 0]
 [0 0 0 0 0 0 0 0 0]
 [0 0 0 0 0 0 0 0 0]
 [0 0 0 0 0 0 0 0 0]
 [0 0 0 0 0 0 0 0 0]]
AB00 Q: 
[[0 0 0 0 3 0 0 0 0]
 [0 0 3 4 0 0 0 0 0]
 [0 0 0 0 0 0 0 0 0]
 [0 0 0 0 0 0 0 0 0]
 [0 0 0 0 0 0 0 0 0]
 [0 0 0 0 0 0 0 0 0]
 [0 0 0 0 0 0 0 0 0]
 [0 0 0 0 0 0 0 0 0]
 [0 0 0 0 0 0 0 0 0]]
(P, Q):
1 1 1 1 1 0 0 0 0 0 0 0 | 1 1 1 1 1 0 0 0 0 0 0 0
2 2 2 2 0 0 0 0 0 0 0 0 | 2 2 2 2 0 0 0 0 0 0 0 0
3 3 0 0 0 0 0 0 0 0 0 0 | 3 3 0 0 0 0 0 0 0 0 0 0
4 0 0 0 0 0 0 0 0 0 0 0 | 4 0 0 0 0 0 0 0 0 0 0 0
0 0 0 0 0 0 0 0 0 0 0 0 | 0 0 0 0 0 0 0 0 0 0 0 0
0 0 0 0 0 0 0 0 0 0 0 0 | 0 0 0 0 0 0 0 0 0 0 0 0
0 0 0 0 0 0 0 0 0 0 0 0 | 0 0 0 0 0 0 0 0 0 0 0 0
0 0 0 0 0 0 0 0 0 0 0 0 | 0 0 0 0 0 0 0 0 0 0 0 0
0 0 0 0 0 0 0 0 0 0 0 0 | 0 0 0 0 0 0 0 0 0 0 0 0
0 0 0 0 0 0 0 0 0 0 0 0 | 0 0 0 0 0 0 0 0 0 0 0 0
0 0 0 0 0 0 0 0 0 0 0 0 | 0 0 0 0 0 0 0 0 0 0 0 0
0 0 0 0 0 0 0 0 0 0 0 0 | 0 0 0 0 0 0 0 0 0 0 0 0
---
ABC0 matrix:
[[1 2 1 2]
 [2 1 2 0]
 [1 2 0 0]
 [2 0 0 0]]
A0C0 P: 
[[0 0 0 0 3 3 0 0 0 0 0]
 [0 0 3 4 4 0 0 0 0 0 0]
 [0 0 0 0 0 0 0 0 0 0 0]
 [0 0 0 0 0 0 0 0 0 0 0]
 [0 0 0 0 0 0 0 0 0 0 0]
 [0 0 0 0 0 0 0 0 0 0 0]
 [0 0 0 0 0 0 0 0 0 0 0]
 [0 0 0 0 0 0 0 0 0 0 0]
 [0 0 0 0 0 0 0 0 0 0 0]
 [0 0 0 0 0 0 0 0 0 0 0]
 [0 0 0 0 0 0 0 0 0 0 0]]
AB00 Q: 
[[0 0 0 0 3 3 0 0 0 0 0]
 [0 0 3 4 4 0 0 0 0 0 0]
 [0 0 0 0 0 0 0 0 0 0 0]
 [0 0 0 0 0 0 0 0 0 0 0]
 [0 0 0 0 0 0 0 0 0 0 0]
 [0 0 0 0 0 0 0 0 0 0 0]
 [0 0 0 0 0 0 0 0 0 0 0]
 [0 0 0 0 0 0 0 0 0 0 0]
 [0 0 0 0 0 0 0 0 0 0 0]
 [0 0 0 0 0 0 0 0 0 0 0]
 [0 0 0 0 0 0 0 0 0 0 0]]
(P, Q):
1 1 1 1 1 1 0 0 0 0 0 0 0 0 0 0 | 1 1 1 1 1 1 0 0 0 0 0 0 0 0 0 0
2 2 2 2 2 0 0 0 0 0 0 0 0 0 0 0 | 2 2 2 2 2 0 0 0 0 0 0 0 0 0 0 0
3 3 3 0 0 0 0 0 0 0 0 0 0 0 0 0 | 3 3 3 0 0 0 0 0 0 0 0 0 0 0 0 0
4 4 0 0 0 0 0 0 0 0 0 0 0 0 0 0 | 4 4 0 0 0 0 0 0 0 0 0 0 0 0 0 0
0 0 0 0 0 0 0 0 0 0 0 0 0 0 0 0 | 0 0 0 0 0 0 0 0 0 0 0 0 0 0 0 0
0 0 0 0 0 0 0 0 0 0 0 0 0 0 0 0 | 0 0 0 0 0 0 0 0 0 0 0 0 0 0 0 0
0 0 0 0 0 0 0 0 0 0 0 0 0 0 0 0 | 0 0 0 0 0 0 0 0 0 0 0 0 0 0 0 0
0 0 0 0 0 0 0 0 0 0 0 0 0 0 0 0 | 0 0 0 0 0 0 0 0 0 0 0 0 0 0 0 0
0 0 0 0 0 0 0 0 0 0 0 0 0 0 0 0 | 0 0 0 0 0 0 0 0 0 0 0 0 0 0 0 0
0 0 0 0 0 0 0 0 0 0 0 0 0 0 0 0 | 0 0 0 0 0 0 0 0 0 0 0 0 0 0 0 0
0 0 0 0 0 0 0 0 0 0 0 0 0 0 0 0 | 0 0 0 0 0 0 0 0 0 0 0 0 0 0 0 0
0 0 0 0 0 0 0 0 0 0 0 0 0 0 0 0 | 0 0 0 0 0 0 0 0 0 0 0 0 0 0 0 0
0 0 0 0 0 0 0 0 0 0 0 0 0 0 0 0 | 0 0 0 0 0 0 0 0 0 0 0 0 0 0 0 0
0 0 0 0 0 0 0 0 0 0 0 0 0 0 0 0 | 0 0 0 0 0 0 0 0 0 0 0 0 0 0 0 0
0 0 0 0 0 0 0 0 0 0 0 0 0 0 0 0 | 0 0 0 0 0 0 0 0 0 0 0 0 0 0 0 0
0 0 0 0 0 0 0 0 0 0 0 0 0 0 0 0 | 0 0 0 0 0 0 0 0 0 0 0 0 0 0 0 0
---
ABC0 matrix:
[[1 2 2 0]
 [2 2 0 0]
 [2 0 0 0]
 [0 0 0 0]]
A0C0 P: 
[[0 0 0 0 0 0 0 0 0]
 [0 0 3 3 0 0 0 0 0]
 [0 0 0 0 0 0 0 0 0]
 [0 0 0 0 0 0 0 0 0]
 [0 0 0 0 0 0 0 0 0]
 [0 0 0 0 0 0 0 0 0]
 [0 0 0 0 0 0 0 0 0]
 [0 0 0 0 0 0 0 0 0]
 [0 0 0 0 0 0 0 0 0]]
AB00 Q: 
[[0 0 0 0 0 0 0 0 0]
 [0 0 3 3 0 0 0 0 0]
 [0 0 0 0 0 0 0 0 0]
 [0 0 0 0 0 0 0 0 0]
 [0 0 0 0 0 0 0 0 0]
 [0 0 0 0 0 0 0 0 0]
 [0 0 0 0 0 0 0 0 0]
 [0 0 0 0 0 0 0 0 0]
 [0 0 0 0 0 0 0 0 0]]
(P, Q):
1 1 1 1 1 0 0 0 0 0 0 | 1 1 1 1 1 0 0 0 0 0 0
2 2 2 2 0 0 0 0 0 0 0 | 2 2 2 2 0 0 0 0 0 0 0
3 3 0 0 0 0 0 0 0 0 0 | 3 3 0 0 0 0 0 0 0 0 0
0 0 0 0 0 0 0 0 0 0 0 | 0 0 0 0 0 0 0 0 0 0 0
0 0 0 0 0 0 0 0 0 0 0 | 0 0 0 0 0 0 0 0 0 0 0
0 0 0 0 0 0 0 0 0 0 0 | 0 0 0 0 0 0 0 0 0 0 0
0 0 0 0 0 0 0 0 0 0 0 | 0 0 0 0 0 0 0 0 0 0 0
0 0 0 0 0 0 0 0 0 0 0 | 0 0 0 0 0 0 0 0 0 0 0
0 0 0 0 0 0 0 0 0 0 0 | 0 0 0 0 0 0 0 0 0 0 0
0 0 0 0 0 0 0 0 0 0 0 | 0 0 0 0 0 0 0 0 0 0 0
0 0 0 0 0 0 0 0 0 0 0 | 0 0 0 0 0 0 0 0 0 0 0
---
ABC0 matrix:
[[1 2 2 1]
 [2 2 1 0]
 [2 1 0 0]
 [1 0 0 0]]
A0C0 P: 
[[0 0 0 0 0 3 0 0 0 0 0]
 [0 0 3 3 4 0 0 0 0 0 0]
 [0 0 0 0 0 0 0 0 0 0 0]
 [0 0 0 0 0 0 0 0 0 0 0]
 [0 0 0 0 0 0 0 0 0 0 0]
 [0 0 0 0 0 0 0 0 0 0 0]
 [0 0 0 0 0 0 0 0 0 0 0]
 [0 0 0 0 0 0 0 0 0 0 0]
 [0 0 0 0 0 0 0 0 0 0 0]
 [0 0 0 0 0 0 0 0 0 0 0]
 [0 0 0 0 0 0 0 0 0 0 0]]
AB00 Q: 
[[0 0 0 0 0 3 0 0 0 0 0]
 [0 0 3 3 4 0 0 0 0 0 0]
 [0 0 0 0 0 0 0 0 0 0 0]
 [0 0 0 0 0 0 0 0 0 0 0]
 [0 0 0 0 0 0 0 0 0 0 0]
 [0 0 0 0 0 0 0 0 0 0 0]
 [0 0 0 0 0 0 0 0 0 0 0]
 [0 0 0 0 0 0 0 0 0 0 0]
 [0 0 0 0 0 0 0 0 0 0 0]
 [0 0 0 0 0 0 0 0 0 0 0]
 [0 0 0 0 0 0 0 0 0 0 0]]
(P, Q):
1 1 1 1 1 1 0 0 0 0 0 0 0 0 0 | 1 1 1 1 1 1 0 0 0 0 0 0 0 0 0
2 2 2 2 2 0 0 0 0 0 0 0 0 0 0 | 2 2 2 2 2 0 0 0 0 0 0 0 0 0 0
3 3 3 0 0 0 0 0 0 0 0 0 0 0 0 | 3 3 3 0 0 0 0 0 0 0 0 0 0 0 0
4 0 0 0 0 0 0 0 0 0 0 0 0 0 0 | 4 0 0 0 0 0 0 0 0 0 0 0 0 0 0
0 0 0 0 0 0 0 0 0 0 0 0 0 0 0 | 0 0 0 0 0 0 0 0 0 0 0 0 0 0 0
0 0 0 0 0 0 0 0 0 0 0 0 0 0 0 | 0 0 0 0 0 0 0 0 0 0 0 0 0 0 0
0 0 0 0 0 0 0 0 0 0 0 0 0 0 0 | 0 0 0 0 0 0 0 0 0 0 0 0 0 0 0
0 0 0 0 0 0 0 0 0 0 0 0 0 0 0 | 0 0 0 0 0 0 0 0 0 0 0 0 0 0 0
0 0 0 0 0 0 0 0 0 0 0 0 0 0 0 | 0 0 0 0 0 0 0 0 0 0 0 0 0 0 0
0 0 0 0 0 0 0 0 0 0 0 0 0 0 0 | 0 0 0 0 0 0 0 0 0 0 0 0 0 0 0
0 0 0 0 0 0 0 0 0 0 0 0 0 0 0 | 0 0 0 0 0 0 0 0 0 0 0 0 0 0 0
0 0 0 0 0 0 0 0 0 0 0 0 0 0 0 | 0 0 0 0 0 0 0 0 0 0 0 0 0 0 0
0 0 0 0 0 0 0 0 0 0 0 0 0 0 0 | 0 0 0 0 0 0 0 0 0 0 0 0 0 0 0
0 0 0 0 0 0 0 0 0 0 0 0 0 0 0 | 0 0 0 0 0 0 0 0 0 0 0 0 0 0 0
0 0 0 0 0 0 0 0 0 0 0 0 0 0 0 | 0 0 0 0 0 0 0 0 0 0 0 0 0 0 0
---
ABC0 matrix:
[[1 2 2 2]
 [2 2 2 0]
 [2 2 0 0]
 [2 0 0 0]]
A0C0 P: 
[[0 0 0 0 0 3 3 0 0 0 0 0 0]
 [0 0 3 3 4 4 0 0 0 0 0 0 0]
 [0 0 0 0 0 0 0 0 0 0 0 0 0]
 [0 0 0 0 0 0 0 0 0 0 0 0 0]
 [0 0 0 0 0 0 0 0 0 0 0 0 0]
 [0 0 0 0 0 0 0 0 0 0 0 0 0]
 [0 0 0 0 0 0 0 0 0 0 0 0 0]
 [0 0 0 0 0 0 0 0 0 0 0 0 0]
 [0 0 0 0 0 0 0 0 0 0 0 0 0]
 [0 0 0 0 0 0 0 0 0 0 0 0 0]
 [0 0 0 0 0 0 0 0 0 0 0 0 0]
 [0 0 0 0 0 0 0 0 0 0 0 0 0]
 [0 0 0 0 0 0 0 0 0 0 0 0 0]]
AB00 Q: 
[[0 0 0 0 0 3 3 0 0 0 0 0 0]
 [0 0 3 3 4 4 0 0 0 0 0 0 0]
 [0 0 0 0 0 0 0 0 0 0 0 0 0]
 [0 0 0 0 0 0 0 0 0 0 0 0 0]
 [0 0 0 0 0 0 0 0 0 0 0 0 0]
 [0 0 0 0 0 0 0 0 0 0 0 0 0]
 [0 0 0 0 0 0 0 0 0 0 0 0 0]
 [0 0 0 0 0 0 0 0 0 0 0 0 0]
 [0 0 0 0 0 0 0 0 0 0 0 0 0]
 [0 0 0 0 0 0 0 0 0 0 0 0 0]
 [0 0 0 0 0 0 0 0 0 0 0 0 0]
 [0 0 0 0 0 0 0 0 0 0 0 0 0]
 [0 0 0 0 0 0 0 0 0 0 0 0 0]]
(P, Q):
1 1 1 1 1 1 1 0 0 0 0 0 0 0 0 0 0 0 0 | 1 1 1 1 1 1 1 0 0 0 0 0 0 0 0 0 0 0 0
2 2 2 2 2 2 0 0 0 0 0 0 0 0 0 0 0 0 0 | 2 2 2 2 2 2 0 0 0 0 0 0 0 0 0 0 0 0 0
3 3 3 3 0 0 0 0 0 0 0 0 0 0 0 0 0 0 0 | 3 3 3 3 0 0 0 0 0 0 0 0 0 0 0 0 0 0 0
4 4 0 0 0 0 0 0 0 0 0 0 0 0 0 0 0 0 0 | 4 4 0 0 0 0 0 0 0 0 0 0 0 0 0 0 0 0 0
0 0 0 0 0 0 0 0 0 0 0 0 0 0 0 0 0 0 0 | 0 0 0 0 0 0 0 0 0 0 0 0 0 0 0 0 0 0 0
0 0 0 0 0 0 0 0 0 0 0 0 0 0 0 0 0 0 0 | 0 0 0 0 0 0 0 0 0 0 0 0 0 0 0 0 0 0 0
0 0 0 0 0 0 0 0 0 0 0 0 0 0 0 0 0 0 0 | 0 0 0 0 0 0 0 0 0 0 0 0 0 0 0 0 0 0 0
0 0 0 0 0 0 0 0 0 0 0 0 0 0 0 0 0 0 0 | 0 0 0 0 0 0 0 0 0 0 0 0 0 0 0 0 0 0 0
0 0 0 0 0 0 0 0 0 0 0 0 0 0 0 0 0 0 0 | 0 0 0 0 0 0 0 0 0 0 0 0 0 0 0 0 0 0 0
0 0 0 0 0 0 0 0 0 0 0 0 0 0 0 0 0 0 0 | 0 0 0 0 0 0 0 0 0 0 0 0 0 0 0 0 0 0 0
0 0 0 0 0 0 0 0 0 0 0 0 0 0 0 0 0 0 0 | 0 0 0 0 0 0 0 0 0 0 0 0 0 0 0 0 0 0 0
0 0 0 0 0 0 0 0 0 0 0 0 0 0 0 0 0 0 0 | 0 0 0 0 0 0 0 0 0 0 0 0 0 0 0 0 0 0 0
0 0 0 0 0 0 0 0 0 0 0 0 0 0 0 0 0 0 0 | 0 0 0 0 0 0 0 0 0 0 0 0 0 0 0 0 0 0 0
0 0 0 0 0 0 0 0 0 0 0 0 0 0 0 0 0 0 0 | 0 0 0 0 0 0 0 0 0 0 0 0 0 0 0 0 0 0 0
0 0 0 0 0 0 0 0 0 0 0 0 0 0 0 0 0 0 0 | 0 0 0 0 0 0 0 0 0 0 0 0 0 0 0 0 0 0 0
0 0 0 0 0 0 0 0 0 0 0 0 0 0 0 0 0 0 0 | 0 0 0 0 0 0 0 0 0 0 0 0 0 0 0 0 0 0 0
0 0 0 0 0 0 0 0 0 0 0 0 0 0 0 0 0 0 0 | 0 0 0 0 0 0 0 0 0 0 0 0 0 0 0 0 0 0 0
0 0 0 0 0 0 0 0 0 0 0 0 0 0 0 0 0 0 0 | 0 0 0 0 0 0 0 0 0 0 0 0 0 0 0 0 0 0 0
0 0 0 0 0 0 0 0 0 0 0 0 0 0 0 0 0 0 0 | 0 0 0 0 0 0 0 0 0 0 0 0 0 0 0 0 0 0 0
---
ABC0 matrix:
[[2 0 1 0]
 [0 0 0 0]
 [1 0 0 0]
 [0 0 0 0]]
A0C0 P: 
[[0 0 3]
 [0 0 0]
 [0 0 0]]
AB00 Q: 
[[0 0 3]
 [0 0 0]
 [0 0 0]]
(P, Q):
1 1 1 0 | 1 1 1 0
3 0 0 0 | 3 0 0 0
0 0 0 0 | 0 0 0 0
0 0 0 0 | 0 0 0 0
---
ABC0 matrix:
[[2 0 1 0]
 [0 0 0 0]
 [0 1 0 0]
 [1 0 0 0]]
A0C0 P: 
[[0 0 3 0]
 [4 0 0 0]
 [0 0 0 0]
 [0 0 0 0]]
AB00 Q: 
[[0 0 3]
 [0 0 0]
 [0 0 0]]
(P, Q):
1 1 1 0 0 | 1 1 1 0 0
3 0 0 0 0 | 2 0 0 0 0
4 0 0 0 0 | 3 0 0 0 0
0 0 0 0 0 | 0 0 0 0 0
0 0 0 0 0 | 0 0 0 0 0
---
ABC0 matrix:
[[2 0 2 0]
 [0 0 0 0]
 [2 0 0 0]
 [0 0 0 0]]
A0C0 P: 
[[0 0 3 3]
 [0 0 0 0]
 [0 0 0 0]
 [0 0 0 0]]
AB00 Q: 
[[0 0 3 3]
 [0 0 0 0]
 [0 0 0 0]
 [0 0 0 0]]
(P, Q):
1 1 1 1 0 0 | 1 1 1 1 0 0
3 3 0 0 0 0 | 3 3 0 0 0 0
0 0 0 0 0 0 | 0 0 0 0 0 0
0 0 0 0 0 0 | 0 0 0 0 0 0
0 0 0 0 0 0 | 0 0 0 0 0 0
0 0 0 0 0 0 | 0 0 0 0 0 0
---
ABC0 matrix:
[[2 0 2 0]
 [0 0 0 0]
 [0 2 0 0]
 [2 0 0 0]]
A0C0 P: 
[[0 0 3 3 0 0]
 [4 4 0 0 0 0]
 [0 0 0 0 0 0]
 [0 0 0 0 0 0]
 [0 0 0 0 0 0]
 [0 0 0 0 0 0]]
AB00 Q: 
[[0 0 3 3]
 [0 0 0 0]
 [0 0 0 0]
 [0 0 0 0]]
(P, Q):
1 1 1 1 0 0 0 0 | 1 1 1 1 0 0 0 0
3 3 0 0 0 0 0 0 | 2 2 0 0 0 0 0 0
4 4 0 0 0 0 0 0 | 3 3 0 0 0 0 0 0
0 0 0 0 0 0 0 0 | 0 0 0 0 0 0 0 0
0 0 0 0 0 0 0 0 | 0 0 0 0 0 0 0 0
0 0 0 0 0 0 0 0 | 0 0 0 0 0 0 0 0
0 0 0 0 0 0 0 0 | 0 0 0 0 0 0 0 0
0 0 0 0 0 0 0 0 | 0 0 0 0 0 0 0 0
---
ABC0 matrix:
[[2 0 0 1]
 [0 0 1 0]
 [1 0 0 0]
 [0 0 0 0]]
A0C0 P: 
[[0 0 3]
 [0 0 0]
 [0 0 0]]
AB00 Q: 
[[0 0 3 0]
 [4 0 0 0]
 [0 0 0 0]
 [0 0 0 0]]
(P, Q):
1 1 1 0 0 | 1 1 1 0 0
2 0 0 0 0 | 3 0 0 0 0
3 0 0 0 0 | 4 0 0 0 0
0 0 0 0 0 | 0 0 0 0 0
0 0 0 0 0 | 0 0 0 0 0
---
ABC0 matrix:
[[2 0 0 1]
 [0 0 1 0]
 [0 1 0 0]
 [1 0 0 0]]
A0C0 P: 
[[0 0 3 0]
 [4 0 0 0]
 [0 0 0 0]
 [0 0 0 0]]
AB00 Q: 
[[0 0 3 0]
 [4 0 0 0]
 [0 0 0 0]
 [0 0 0 0]]
(P, Q):
1 1 1 0 0 0 | 1 1 1 0 0 0
2 0 0 0 0 0 | 2 0 0 0 0 0
3 0 0 0 0 0 | 3 0 0 0 0 0
4 0 0 0 0 0 | 4 0 0 0 0 0
0 0 0 0 0 0 | 0 0 0 0 0 0
0 0 0 0 0 0 | 0 0 0 0 0 0
---
ABC0 matrix:
[[2 0 0 2]
 [0 0 2 0]
 [2 0 0 0]
 [0 0 0 0]]
A0C0 P: 
[[0 0 3 3]
 [0 0 0 0]
 [0 0 0 0]
 [0 0 0 0]]
AB00 Q: 
[[0 0 3 3 0 0]
 [4 4 0 0 0 0]
 [0 0 0 0 0 0]
 [0 0 0 0 0 0]
 [0 0 0 0 0 0]
 [0 0 0 0 0 0]]
(P, Q):
1 1 1 1 0 0 0 0 | 1 1 1 1 0 0 0 0
2 2 0 0 0 0 0 0 | 3 3 0 0 0 0 0 0
3 3 0 0 0 0 0 0 | 4 4 0 0 0 0 0 0
0 0 0 0 0 0 0 0 | 0 0 0 0 0 0 0 0
0 0 0 0 0 0 0 0 | 0 0 0 0 0 0 0 0
0 0 0 0 0 0 0 0 | 0 0 0 0 0 0 0 0
0 0 0 0 0 0 0 0 | 0 0 0 0 0 0 0 0
0 0 0 0 0 0 0 0 | 0 0 0 0 0 0 0 0
---
ABC0 matrix:
[[2 0 0 2]
 [0 0 2 0]
 [0 2 0 0]
 [2 0 0 0]]
A0C0 P: 
[[0 0 3 3 0 0]
 [4 4 0 0 0 0]
 [0 0 0 0 0 0]
 [0 0 0 0 0 0]
 [0 0 0 0 0 0]
 [0 0 0 0 0 0]]
AB00 Q: 
[[0 0 3 3 0 0]
 [4 4 0 0 0 0]
 [0 0 0 0 0 0]
 [0 0 0 0 0 0]
 [0 0 0 0 0 0]
 [0 0 0 0 0 0]]
(P, Q):
1 1 1 1 0 0 0 0 0 0 | 1 1 1 1 0 0 0 0 0 0
2 2 0 0 0 0 0 0 0 0 | 2 2 0 0 0 0 0 0 0 0
3 3 0 0 0 0 0 0 0 0 | 3 3 0 0 0 0 0 0 0 0
4 4 0 0 0 0 0 0 0 0 | 4 4 0 0 0 0 0 0 0 0
0 0 0 0 0 0 0 0 0 0 | 0 0 0 0 0 0 0 0 0 0
0 0 0 0 0 0 0 0 0 0 | 0 0 0 0 0 0 0 0 0 0
0 0 0 0 0 0 0 0 0 0 | 0 0 0 0 0 0 0 0 0 0
0 0 0 0 0 0 0 0 0 0 | 0 0 0 0 0 0 0 0 0 0
0 0 0 0 0 0 0 0 0 0 | 0 0 0 0 0 0 0 0 0 0
0 0 0 0 0 0 0 0 0 0 | 0 0 0 0 0 0 0 0 0 0
---
ABC0 matrix:
[[2 0 1 0]
 [0 1 0 0]
 [1 0 0 0]
 [0 0 0 0]]
A0C0 P: 
[[0 0 0 0]
 [3 0 0 0]
 [0 0 0 0]
 [0 0 0 0]]
AB00 Q: 
[[0 0 0 0]
 [3 0 0 0]
 [0 0 0 0]
 [0 0 0 0]]
(P, Q):
1 1 1 0 0 | 1 1 1 0 0
2 0 0 0 0 | 2 0 0 0 0
3 0 0 0 0 | 3 0 0 0 0
0 0 0 0 0 | 0 0 0 0 0
0 0 0 0 0 | 0 0 0 0 0
---
ABC0 matrix:
[[2 0 1 1]
 [0 1 1 0]
 [1 1 0 0]
 [1 0 0 0]]
A0C0 P: 
[[0 0 0 3 0 0]
 [3 4 0 0 0 0]
 [0 0 0 0 0 0]
 [0 0 0 0 0 0]
 [0 0 0 0 0 0]
 [0 0 0 0 0 0]]
AB00 Q: 
[[0 0 0 3 0 0]
 [3 4 0 0 0 0]
 [0 0 0 0 0 0]
 [0 0 0 0 0 0]
 [0 0 0 0 0 0]
 [0 0 0 0 0 0]]
(P, Q):
1 1 1 1 0 0 0 0 0 | 1 1 1 1 0 0 0 0 0
2 2 0 0 0 0 0 0 0 | 2 2 0 0 0 0 0 0 0
3 3 0 0 0 0 0 0 0 | 3 3 0 0 0 0 0 0 0
4 0 0 0 0 0 0 0 0 | 4 0 0 0 0 0 0 0 0
0 0 0 0 0 0 0 0 0 | 0 0 0 0 0 0 0 0 0
0 0 0 0 0 0 0 0 0 | 0 0 0 0 0 0 0 0 0
0 0 0 0 0 0 0 0 0 | 0 0 0 0 0 0 0 0 0
0 0 0 0 0 0 0 0 0 | 0 0 0 0 0 0 0 0 0
0 0 0 0 0 0 0 0 0 | 0 0 0 0 0 0 0 0 0
---
ABC0 matrix:
[[2 0 1 2]
 [0 1 2 0]
 [1 2 0 0]
 [2 0 0 0]]
A0C0 P: 
[[0 0 0 3 3 0 0 0]
 [3 4 4 0 0 0 0 0]
 [0 0 0 0 0 0 0 0]
 [0 0 0 0 0 0 0 0]
 [0 0 0 0 0 0 0 0]
 [0 0 0 0 0 0 0 0]
 [0 0 0 0 0 0 0 0]
 [0 0 0 0 0 0 0 0]]
AB00 Q: 
[[0 0 0 3 3 0 0 0]
 [3 4 4 0 0 0 0 0]
 [0 0 0 0 0 0 0 0]
 [0 0 0 0 0 0 0 0]
 [0 0 0 0 0 0 0 0]
 [0 0 0 0 0 0 0 0]
 [0 0 0 0 0 0 0 0]
 [0 0 0 0 0 0 0 0]]
(P, Q):
1 1 1 1 1 0 0 0 0 0 0 0 0 | 1 1 1 1 1 0 0 0 0 0 0 0 0
2 2 2 0 0 0 0 0 0 0 0 0 0 | 2 2 2 0 0 0 0 0 0 0 0 0 0
3 3 3 0 0 0 0 0 0 0 0 0 0 | 3 3 3 0 0 0 0 0 0 0 0 0 0
4 4 0 0 0 0 0 0 0 0 0 0 0 | 4 4 0 0 0 0 0 0 0 0 0 0 0
0 0 0 0 0 0 0 0 0 0 0 0 0 | 0 0 0 0 0 0 0 0 0 0 0 0 0
0 0 0 0 0 0 0 0 0 0 0 0 0 | 0 0 0 0 0 0 0 0 0 0 0 0 0
0 0 0 0 0 0 0 0 0 0 0 0 0 | 0 0 0 0 0 0 0 0 0 0 0 0 0
0 0 0 0 0 0 0 0 0 0 0 0 0 | 0 0 0 0 0 0 0 0 0 0 0 0 0
0 0 0 0 0 0 0 0 0 0 0 0 0 | 0 0 0 0 0 0 0 0 0 0 0 0 0
0 0 0 0 0 0 0 0 0 0 0 0 0 | 0 0 0 0 0 0 0 0 0 0 0 0 0
0 0 0 0 0 0 0 0 0 0 0 0 0 | 0 0 0 0 0 0 0 0 0 0 0 0 0
0 0 0 0 0 0 0 0 0 0 0 0 0 | 0 0 0 0 0 0 0 0 0 0 0 0 0
0 0 0 0 0 0 0 0 0 0 0 0 0 | 0 0 0 0 0 0 0 0 0 0 0 0 0
---
ABC0 matrix:
[[2 0 2 0]
 [0 2 0 0]
 [2 0 0 0]
 [0 0 0 0]]
A0C0 P: 
[[0 0 0 0 0 0]
 [3 3 0 0 0 0]
 [0 0 0 0 0 0]
 [0 0 0 0 0 0]
 [0 0 0 0 0 0]
 [0 0 0 0 0 0]]
AB00 Q: 
[[0 0 0 0 0 0]
 [3 3 0 0 0 0]
 [0 0 0 0 0 0]
 [0 0 0 0 0 0]
 [0 0 0 0 0 0]
 [0 0 0 0 0 0]]
(P, Q):
1 1 1 1 0 0 0 0 | 1 1 1 1 0 0 0 0
2 2 0 0 0 0 0 0 | 2 2 0 0 0 0 0 0
3 3 0 0 0 0 0 0 | 3 3 0 0 0 0 0 0
0 0 0 0 0 0 0 0 | 0 0 0 0 0 0 0 0
0 0 0 0 0 0 0 0 | 0 0 0 0 0 0 0 0
0 0 0 0 0 0 0 0 | 0 0 0 0 0 0 0 0
0 0 0 0 0 0 0 0 | 0 0 0 0 0 0 0 0
0 0 0 0 0 0 0 0 | 0 0 0 0 0 0 0 0
---
ABC0 matrix:
[[2 0 2 1]
 [0 2 1 0]
 [2 1 0 0]
 [1 0 0 0]]
A0C0 P: 
[[0 0 0 0 3 0 0 0]
 [3 3 4 0 0 0 0 0]
 [0 0 0 0 0 0 0 0]
 [0 0 0 0 0 0 0 0]
 [0 0 0 0 0 0 0 0]
 [0 0 0 0 0 0 0 0]
 [0 0 0 0 0 0 0 0]
 [0 0 0 0 0 0 0 0]]
AB00 Q: 
[[0 0 0 0 3 0 0 0]
 [3 3 4 0 0 0 0 0]
 [0 0 0 0 0 0 0 0]
 [0 0 0 0 0 0 0 0]
 [0 0 0 0 0 0 0 0]
 [0 0 0 0 0 0 0 0]
 [0 0 0 0 0 0 0 0]
 [0 0 0 0 0 0 0 0]]
(P, Q):
1 1 1 1 1 0 0 0 0 0 0 0 | 1 1 1 1 1 0 0 0 0 0 0 0
2 2 2 0 0 0 0 0 0 0 0 0 | 2 2 2 0 0 0 0 0 0 0 0 0
3 3 3 0 0 0 0 0 0 0 0 0 | 3 3 3 0 0 0 0 0 0 0 0 0
4 0 0 0 0 0 0 0 0 0 0 0 | 4 0 0 0 0 0 0 0 0 0 0 0
0 0 0 0 0 0 0 0 0 0 0 0 | 0 0 0 0 0 0 0 0 0 0 0 0
0 0 0 0 0 0 0 0 0 0 0 0 | 0 0 0 0 0 0 0 0 0 0 0 0
0 0 0 0 0 0 0 0 0 0 0 0 | 0 0 0 0 0 0 0 0 0 0 0 0
0 0 0 0 0 0 0 0 0 0 0 0 | 0 0 0 0 0 0 0 0 0 0 0 0
0 0 0 0 0 0 0 0 0 0 0 0 | 0 0 0 0 0 0 0 0 0 0 0 0
0 0 0 0 0 0 0 0 0 0 0 0 | 0 0 0 0 0 0 0 0 0 0 0 0
0 0 0 0 0 0 0 0 0 0 0 0 | 0 0 0 0 0 0 0 0 0 0 0 0
0 0 0 0 0 0 0 0 0 0 0 0 | 0 0 0 0 0 0 0 0 0 0 0 0
---
ABC0 matrix:
[[2 0 2 2]
 [0 2 2 0]
 [2 2 0 0]
 [2 0 0 0]]
A0C0 P: 
[[0 0 0 0 3 3 0 0 0 0]
 [3 3 4 4 0 0 0 0 0 0]
 [0 0 0 0 0 0 0 0 0 0]
 [0 0 0 0 0 0 0 0 0 0]
 [0 0 0 0 0 0 0 0 0 0]
 [0 0 0 0 0 0 0 0 0 0]
 [0 0 0 0 0 0 0 0 0 0]
 [0 0 0 0 0 0 0 0 0 0]
 [0 0 0 0 0 0 0 0 0 0]
 [0 0 0 0 0 0 0 0 0 0]]
AB00 Q: 
[[0 0 0 0 3 3 0 0 0 0]
 [3 3 4 4 0 0 0 0 0 0]
 [0 0 0 0 0 0 0 0 0 0]
 [0 0 0 0 0 0 0 0 0 0]
 [0 0 0 0 0 0 0 0 0 0]
 [0 0 0 0 0 0 0 0 0 0]
 [0 0 0 0 0 0 0 0 0 0]
 [0 0 0 0 0 0 0 0 0 0]
 [0 0 0 0 0 0 0 0 0 0]
 [0 0 0 0 0 0 0 0 0 0]]
(P, Q):
1 1 1 1 1 1 0 0 0 0 0 0 0 0 0 0 | 1 1 1 1 1 1 0 0 0 0 0 0 0 0 0 0
2 2 2 2 0 0 0 0 0 0 0 0 0 0 0 0 | 2 2 2 2 0 0 0 0 0 0 0 0 0 0 0 0
3 3 3 3 0 0 0 0 0 0 0 0 0 0 0 0 | 3 3 3 3 0 0 0 0 0 0 0 0 0 0 0 0
4 4 0 0 0 0 0 0 0 0 0 0 0 0 0 0 | 4 4 0 0 0 0 0 0 0 0 0 0 0 0 0 0
0 0 0 0 0 0 0 0 0 0 0 0 0 0 0 0 | 0 0 0 0 0 0 0 0 0 0 0 0 0 0 0 0
0 0 0 0 0 0 0 0 0 0 0 0 0 0 0 0 | 0 0 0 0 0 0 0 0 0 0 0 0 0 0 0 0
0 0 0 0 0 0 0 0 0 0 0 0 0 0 0 0 | 0 0 0 0 0 0 0 0 0 0 0 0 0 0 0 0
0 0 0 0 0 0 0 0 0 0 0 0 0 0 0 0 | 0 0 0 0 0 0 0 0 0 0 0 0 0 0 0 0
0 0 0 0 0 0 0 0 0 0 0 0 0 0 0 0 | 0 0 0 0 0 0 0 0 0 0 0 0 0 0 0 0
0 0 0 0 0 0 0 0 0 0 0 0 0 0 0 0 | 0 0 0 0 0 0 0 0 0 0 0 0 0 0 0 0
0 0 0 0 0 0 0 0 0 0 0 0 0 0 0 0 | 0 0 0 0 0 0 0 0 0 0 0 0 0 0 0 0
0 0 0 0 0 0 0 0 0 0 0 0 0 0 0 0 | 0 0 0 0 0 0 0 0 0 0 0 0 0 0 0 0
0 0 0 0 0 0 0 0 0 0 0 0 0 0 0 0 | 0 0 0 0 0 0 0 0 0 0 0 0 0 0 0 0
0 0 0 0 0 0 0 0 0 0 0 0 0 0 0 0 | 0 0 0 0 0 0 0 0 0 0 0 0 0 0 0 0
0 0 0 0 0 0 0 0 0 0 0 0 0 0 0 0 | 0 0 0 0 0 0 0 0 0 0 0 0 0 0 0 0
0 0 0 0 0 0 0 0 0 0 0 0 0 0 0 0 | 0 0 0 0 0 0 0 0 0 0 0 0 0 0 0 0
---
ABC0 matrix:
[[2 0 1 1]
 [1 0 1 0]
 [1 0 0 0]
 [0 0 0 0]]
A0C0 P: 
[[0 0 0 3]
 [0 0 0 0]
 [0 0 0 0]
 [0 0 0 0]]
AB00 Q: 
[[0 0 0 3 0 0]
 [3 4 0 0 0 0]
 [0 0 0 0 0 0]
 [0 0 0 0 0 0]
 [0 0 0 0 0 0]
 [0 0 0 0 0 0]]
(P, Q):
1 1 1 1 0 0 0 | 1 1 1 1 0 0 0
2 2 0 0 0 0 0 | 3 3 0 0 0 0 0
3 0 0 0 0 0 0 | 4 0 0 0 0 0 0
0 0 0 0 0 0 0 | 0 0 0 0 0 0 0
0 0 0 0 0 0 0 | 0 0 0 0 0 0 0
0 0 0 0 0 0 0 | 0 0 0 0 0 0 0
0 0 0 0 0 0 0 | 0 0 0 0 0 0 0
---
ABC0 matrix:
[[2 0 1 2]
 [1 0 2 0]
 [2 0 0 0]
 [0 0 0 0]]
A0C0 P: 
[[0 0 0 3 3]
 [0 0 0 0 0]
 [0 0 0 0 0]
 [0 0 0 0 0]
 [0 0 0 0 0]]
AB00 Q: 
[[0 0 0 3 3 0 0 0]
 [3 4 4 0 0 0 0 0]
 [0 0 0 0 0 0 0 0]
 [0 0 0 0 0 0 0 0]
 [0 0 0 0 0 0 0 0]
 [0 0 0 0 0 0 0 0]
 [0 0 0 0 0 0 0 0]
 [0 0 0 0 0 0 0 0]]
(P, Q):
1 1 1 1 1 0 0 0 0 0 | 1 1 1 1 1 0 0 0 0 0
2 2 2 0 0 0 0 0 0 0 | 3 3 3 0 0 0 0 0 0 0
3 3 0 0 0 0 0 0 0 0 | 4 4 0 0 0 0 0 0 0 0
0 0 0 0 0 0 0 0 0 0 | 0 0 0 0 0 0 0 0 0 0
0 0 0 0 0 0 0 0 0 0 | 0 0 0 0 0 0 0 0 0 0
0 0 0 0 0 0 0 0 0 0 | 0 0 0 0 0 0 0 0 0 0
0 0 0 0 0 0 0 0 0 0 | 0 0 0 0 0 0 0 0 0 0
0 0 0 0 0 0 0 0 0 0 | 0 0 0 0 0 0 0 0 0 0
0 0 0 0 0 0 0 0 0 0 | 0 0 0 0 0 0 0 0 0 0
0 0 0 0 0 0 0 0 0 0 | 0 0 0 0 0 0 0 0 0 0
---
ABC0 matrix:
[[2 0 2 1]
 [2 0 1 0]
 [1 0 0 0]
 [0 0 0 0]]
A0C0 P: 
[[0 0 0 0 3]
 [0 0 0 0 0]
 [0 0 0 0 0]
 [0 0 0 0 0]
 [0 0 0 0 0]]
AB00 Q: 
[[0 0 0 0 3 0 0 0]
 [3 3 4 0 0 0 0 0]
 [0 0 0 0 0 0 0 0]
 [0 0 0 0 0 0 0 0]
 [0 0 0 0 0 0 0 0]
 [0 0 0 0 0 0 0 0]
 [0 0 0 0 0 0 0 0]
 [0 0 0 0 0 0 0 0]]
(P, Q):
1 1 1 1 1 0 0 0 0 | 1 1 1 1 1 0 0 0 0
2 2 2 0 0 0 0 0 0 | 3 3 3 0 0 0 0 0 0
3 0 0 0 0 0 0 0 0 | 4 0 0 0 0 0 0 0 0
0 0 0 0 0 0 0 0 0 | 0 0 0 0 0 0 0 0 0
0 0 0 0 0 0 0 0 0 | 0 0 0 0 0 0 0 0 0
0 0 0 0 0 0 0 0 0 | 0 0 0 0 0 0 0 0 0
0 0 0 0 0 0 0 0 0 | 0 0 0 0 0 0 0 0 0
0 0 0 0 0 0 0 0 0 | 0 0 0 0 0 0 0 0 0
0 0 0 0 0 0 0 0 0 | 0 0 0 0 0 0 0 0 0
---
ABC0 matrix:
[[2 0 2 2]
 [2 0 2 0]
 [2 0 0 0]
 [0 0 0 0]]
A0C0 P: 
[[0 0 0 0 3 3]
 [0 0 0 0 0 0]
 [0 0 0 0 0 0]
 [0 0 0 0 0 0]
 [0 0 0 0 0 0]
 [0 0 0 0 0 0]]
AB00 Q: 
[[0 0 0 0 3 3 0 0 0 0]
 [3 3 4 4 0 0 0 0 0 0]
 [0 0 0 0 0 0 0 0 0 0]
 [0 0 0 0 0 0 0 0 0 0]
 [0 0 0 0 0 0 0 0 0 0]
 [0 0 0 0 0 0 0 0 0 0]
 [0 0 0 0 0 0 0 0 0 0]
 [0 0 0 0 0 0 0 0 0 0]
 [0 0 0 0 0 0 0 0 0 0]
 [0 0 0 0 0 0 0 0 0 0]]
(P, Q):
1 1 1 1 1 1 0 0 0 0 0 0 | 1 1 1 1 1 1 0 0 0 0 0 0
2 2 2 2 0 0 0 0 0 0 0 0 | 3 3 3 3 0 0 0 0 0 0 0 0
3 3 0 0 0 0 0 0 0 0 0 0 | 4 4 0 0 0 0 0 0 0 0 0 0
0 0 0 0 0 0 0 0 0 0 0 0 | 0 0 0 0 0 0 0 0 0 0 0 0
0 0 0 0 0 0 0 0 0 0 0 0 | 0 0 0 0 0 0 0 0 0 0 0 0
0 0 0 0 0 0 0 0 0 0 0 0 | 0 0 0 0 0 0 0 0 0 0 0 0
0 0 0 0 0 0 0 0 0 0 0 0 | 0 0 0 0 0 0 0 0 0 0 0 0
0 0 0 0 0 0 0 0 0 0 0 0 | 0 0 0 0 0 0 0 0 0 0 0 0
0 0 0 0 0 0 0 0 0 0 0 0 | 0 0 0 0 0 0 0 0 0 0 0 0
0 0 0 0 0 0 0 0 0 0 0 0 | 0 0 0 0 0 0 0 0 0 0 0 0
0 0 0 0 0 0 0 0 0 0 0 0 | 0 0 0 0 0 0 0 0 0 0 0 0
0 0 0 0 0 0 0 0 0 0 0 0 | 0 0 0 0 0 0 0 0 0 0 0 0
---
ABC0 matrix:
[[2 1 1 0]
 [0 0 0 0]
 [1 1 0 0]
 [1 0 0 0]]
A0C0 P: 
[[0 0 0 3 0 0]
 [3 4 0 0 0 0]
 [0 0 0 0 0 0]
 [0 0 0 0 0 0]
 [0 0 0 0 0 0]
 [0 0 0 0 0 0]]
AB00 Q: 
[[0 0 0 3]
 [0 0 0 0]
 [0 0 0 0]
 [0 0 0 0]]
(P, Q):
1 1 1 1 0 0 0 | 1 1 1 1 0 0 0
3 3 0 0 0 0 0 | 2 2 0 0 0 0 0
4 0 0 0 0 0 0 | 3 0 0 0 0 0 0
0 0 0 0 0 0 0 | 0 0 0 0 0 0 0
0 0 0 0 0 0 0 | 0 0 0 0 0 0 0
0 0 0 0 0 0 0 | 0 0 0 0 0 0 0
0 0 0 0 0 0 0 | 0 0 0 0 0 0 0
---
ABC0 matrix:
[[2 1 2 0]
 [0 0 0 0]
 [1 2 0 0]
 [2 0 0 0]]
A0C0 P: 
[[0 0 0 3 3 0 0 0]
 [3 4 4 0 0 0 0 0]
 [0 0 0 0 0 0 0 0]
 [0 0 0 0 0 0 0 0]
 [0 0 0 0 0 0 0 0]
 [0 0 0 0 0 0 0 0]
 [0 0 0 0 0 0 0 0]
 [0 0 0 0 0 0 0 0]]
AB00 Q: 
[[0 0 0 3 3]
 [0 0 0 0 0]
 [0 0 0 0 0]
 [0 0 0 0 0]
 [0 0 0 0 0]]
(P, Q):
1 1 1 1 1 0 0 0 0 0 | 1 1 1 1 1 0 0 0 0 0
3 3 3 0 0 0 0 0 0 0 | 2 2 2 0 0 0 0 0 0 0
4 4 0 0 0 0 0 0 0 0 | 3 3 0 0 0 0 0 0 0 0
0 0 0 0 0 0 0 0 0 0 | 0 0 0 0 0 0 0 0 0 0
0 0 0 0 0 0 0 0 0 0 | 0 0 0 0 0 0 0 0 0 0
0 0 0 0 0 0 0 0 0 0 | 0 0 0 0 0 0 0 0 0 0
0 0 0 0 0 0 0 0 0 0 | 0 0 0 0 0 0 0 0 0 0
0 0 0 0 0 0 0 0 0 0 | 0 0 0 0 0 0 0 0 0 0
0 0 0 0 0 0 0 0 0 0 | 0 0 0 0 0 0 0 0 0 0
0 0 0 0 0 0 0 0 0 0 | 0 0 0 0 0 0 0 0 0 0
---
ABC0 matrix:
[[2 1 0 1]
 [1 0 1 0]
 [0 1 0 0]
 [1 0 0 0]]
A0C0 P: 
[[0 0 0 3 0 0]
 [0 4 0 0 0 0]
 [0 0 0 0 0 0]
 [0 0 0 0 0 0]
 [0 0 0 0 0 0]
 [0 0 0 0 0 0]]
AB00 Q: 
[[0 0 0 3 0 0]
 [0 4 0 0 0 0]
 [0 0 0 0 0 0]
 [0 0 0 0 0 0]
 [0 0 0 0 0 0]
 [0 0 0 0 0 0]]
(P, Q):
1 1 1 1 0 0 0 0 | 1 1 1 1 0 0 0 0
2 2 0 0 0 0 0 0 | 2 2 0 0 0 0 0 0
3 0 0 0 0 0 0 0 | 3 0 0 0 0 0 0 0
4 0 0 0 0 0 0 0 | 4 0 0 0 0 0 0 0
0 0 0 0 0 0 0 0 | 0 0 0 0 0 0 0 0
0 0 0 0 0 0 0 0 | 0 0 0 0 0 0 0 0
0 0 0 0 0 0 0 0 | 0 0 0 0 0 0 0 0
0 0 0 0 0 0 0 0 | 0 0 0 0 0 0 0 0
---
ABC0 matrix:
[[2 1 0 2]
 [1 0 2 0]
 [0 2 0 0]
 [2 0 0 0]]
A0C0 P: 
[[0 0 0 3 3 0 0 0]
 [0 4 4 0 0 0 0 0]
 [0 0 0 0 0 0 0 0]
 [0 0 0 0 0 0 0 0]
 [0 0 0 0 0 0 0 0]
 [0 0 0 0 0 0 0 0]
 [0 0 0 0 0 0 0 0]
 [0 0 0 0 0 0 0 0]]
AB00 Q: 
[[0 0 0 3 3 0 0 0]
 [0 4 4 0 0 0 0 0]
 [0 0 0 0 0 0 0 0]
 [0 0 0 0 0 0 0 0]
 [0 0 0 0 0 0 0 0]
 [0 0 0 0 0 0 0 0]
 [0 0 0 0 0 0 0 0]
 [0 0 0 0 0 0 0 0]]
(P, Q):
1 1 1 1 1 0 0 0 0 0 0 0 | 1 1 1 1 1 0 0 0 0 0 0 0
2 2 2 0 0 0 0 0 0 0 0 0 | 2 2 2 0 0 0 0 0 0 0 0 0
3 3 0 0 0 0 0 0 0 0 0 0 | 3 3 0 0 0 0 0 0 0 0 0 0
4 4 0 0 0 0 0 0 0 0 0 0 | 4 4 0 0 0 0 0 0 0 0 0 0
0 0 0 0 0 0 0 0 0 0 0 0 | 0 0 0 0 0 0 0 0 0 0 0 0
0 0 0 0 0 0 0 0 0 0 0 0 | 0 0 0 0 0 0 0 0 0 0 0 0
0 0 0 0 0 0 0 0 0 0 0 0 | 0 0 0 0 0 0 0 0 0 0 0 0
0 0 0 0 0 0 0 0 0 0 0 0 | 0 0 0 0 0 0 0 0 0 0 0 0
0 0 0 0 0 0 0 0 0 0 0 0 | 0 0 0 0 0 0 0 0 0 0 0 0
0 0 0 0 0 0 0 0 0 0 0 0 | 0 0 0 0 0 0 0 0 0 0 0 0
0 0 0 0 0 0 0 0 0 0 0 0 | 0 0 0 0 0 0 0 0 0 0 0 0
0 0 0 0 0 0 0 0 0 0 0 0 | 0 0 0 0 0 0 0 0 0 0 0 0
---
ABC0 matrix:
[[2 1 1 0]
 [1 1 0 0]
 [1 0 0 0]
 [0 0 0 0]]
A0C0 P: 
[[0 0 0 0 0 0]
 [0 3 0 0 0 0]
 [0 0 0 0 0 0]
 [0 0 0 0 0 0]
 [0 0 0 0 0 0]
 [0 0 0 0 0 0]]
AB00 Q: 
[[0 0 0 0 0 0]
 [0 3 0 0 0 0]
 [0 0 0 0 0 0]
 [0 0 0 0 0 0]
 [0 0 0 0 0 0]
 [0 0 0 0 0 0]]
(P, Q):
1 1 1 1 0 0 0 | 1 1 1 1 0 0 0
2 2 0 0 0 0 0 | 2 2 0 0 0 0 0
3 0 0 0 0 0 0 | 3 0 0 0 0 0 0
0 0 0 0 0 0 0 | 0 0 0 0 0 0 0
0 0 0 0 0 0 0 | 0 0 0 0 0 0 0
0 0 0 0 0 0 0 | 0 0 0 0 0 0 0
0 0 0 0 0 0 0 | 0 0 0 0 0 0 0
---
ABC0 matrix:
[[2 1 1 1]
 [1 1 1 0]
 [1 1 0 0]
 [1 0 0 0]]
A0C0 P: 
[[0 0 0 0 3 0 0 0]
 [0 3 4 0 0 0 0 0]
 [0 0 0 0 0 0 0 0]
 [0 0 0 0 0 0 0 0]
 [0 0 0 0 0 0 0 0]
 [0 0 0 0 0 0 0 0]
 [0 0 0 0 0 0 0 0]
 [0 0 0 0 0 0 0 0]]
AB00 Q: 
[[0 0 0 0 3 0 0 0]
 [0 3 4 0 0 0 0 0]
 [0 0 0 0 0 0 0 0]
 [0 0 0 0 0 0 0 0]
 [0 0 0 0 0 0 0 0]
 [0 0 0 0 0 0 0 0]
 [0 0 0 0 0 0 0 0]
 [0 0 0 0 0 0 0 0]]
(P, Q):
1 1 1 1 1 0 0 0 0 0 0 | 1 1 1 1 1 0 0 0 0 0 0
2 2 2 0 0 0 0 0 0 0 0 | 2 2 2 0 0 0 0 0 0 0 0
3 3 0 0 0 0 0 0 0 0 0 | 3 3 0 0 0 0 0 0 0 0 0
4 0 0 0 0 0 0 0 0 0 0 | 4 0 0 0 0 0 0 0 0 0 0
0 0 0 0 0 0 0 0 0 0 0 | 0 0 0 0 0 0 0 0 0 0 0
0 0 0 0 0 0 0 0 0 0 0 | 0 0 0 0 0 0 0 0 0 0 0
0 0 0 0 0 0 0 0 0 0 0 | 0 0 0 0 0 0 0 0 0 0 0
0 0 0 0 0 0 0 0 0 0 0 | 0 0 0 0 0 0 0 0 0 0 0
0 0 0 0 0 0 0 0 0 0 0 | 0 0 0 0 0 0 0 0 0 0 0
0 0 0 0 0 0 0 0 0 0 0 | 0 0 0 0 0 0 0 0 0 0 0
0 0 0 0 0 0 0 0 0 0 0 | 0 0 0 0 0 0 0 0 0 0 0
---
ABC0 matrix:
[[2 1 1 2]
 [1 1 2 0]
 [1 2 0 0]
 [2 0 0 0]]
A0C0 P: 
[[0 0 0 0 3 3 0 0 0 0]
 [0 3 4 4 0 0 0 0 0 0]
 [0 0 0 0 0 0 0 0 0 0]
 [0 0 0 0 0 0 0 0 0 0]
 [0 0 0 0 0 0 0 0 0 0]
 [0 0 0 0 0 0 0 0 0 0]
 [0 0 0 0 0 0 0 0 0 0]
 [0 0 0 0 0 0 0 0 0 0]
 [0 0 0 0 0 0 0 0 0 0]
 [0 0 0 0 0 0 0 0 0 0]]
AB00 Q: 
[[0 0 0 0 3 3 0 0 0 0]
 [0 3 4 4 0 0 0 0 0 0]
 [0 0 0 0 0 0 0 0 0 0]
 [0 0 0 0 0 0 0 0 0 0]
 [0 0 0 0 0 0 0 0 0 0]
 [0 0 0 0 0 0 0 0 0 0]
 [0 0 0 0 0 0 0 0 0 0]
 [0 0 0 0 0 0 0 0 0 0]
 [0 0 0 0 0 0 0 0 0 0]
 [0 0 0 0 0 0 0 0 0 0]]
(P, Q):
1 1 1 1 1 1 0 0 0 0 0 0 0 0 0 | 1 1 1 1 1 1 0 0 0 0 0 0 0 0 0
2 2 2 2 0 0 0 0 0 0 0 0 0 0 0 | 2 2 2 2 0 0 0 0 0 0 0 0 0 0 0
3 3 3 0 0 0 0 0 0 0 0 0 0 0 0 | 3 3 3 0 0 0 0 0 0 0 0 0 0 0 0
4 4 0 0 0 0 0 0 0 0 0 0 0 0 0 | 4 4 0 0 0 0 0 0 0 0 0 0 0 0 0
0 0 0 0 0 0 0 0 0 0 0 0 0 0 0 | 0 0 0 0 0 0 0 0 0 0 0 0 0 0 0
0 0 0 0 0 0 0 0 0 0 0 0 0 0 0 | 0 0 0 0 0 0 0 0 0 0 0 0 0 0 0
0 0 0 0 0 0 0 0 0 0 0 0 0 0 0 | 0 0 0 0 0 0 0 0 0 0 0 0 0 0 0
0 0 0 0 0 0 0 0 0 0 0 0 0 0 0 | 0 0 0 0 0 0 0 0 0 0 0 0 0 0 0
0 0 0 0 0 0 0 0 0 0 0 0 0 0 0 | 0 0 0 0 0 0 0 0 0 0 0 0 0 0 0
0 0 0 0 0 0 0 0 0 0 0 0 0 0 0 | 0 0 0 0 0 0 0 0 0 0 0 0 0 0 0
0 0 0 0 0 0 0 0 0 0 0 0 0 0 0 | 0 0 0 0 0 0 0 0 0 0 0 0 0 0 0
0 0 0 0 0 0 0 0 0 0 0 0 0 0 0 | 0 0 0 0 0 0 0 0 0 0 0 0 0 0 0
0 0 0 0 0 0 0 0 0 0 0 0 0 0 0 | 0 0 0 0 0 0 0 0 0 0 0 0 0 0 0
0 0 0 0 0 0 0 0 0 0 0 0 0 0 0 | 0 0 0 0 0 0 0 0 0 0 0 0 0 0 0
0 0 0 0 0 0 0 0 0 0 0 0 0 0 0 | 0 0 0 0 0 0 0 0 0 0 0 0 0 0 0
---
ABC0 matrix:
[[2 1 2 0]
 [1 2 0 0]
 [2 0 0 0]
 [0 0 0 0]]
A0C0 P: 
[[0 0 0 0 0 0 0 0]
 [0 3 3 0 0 0 0 0]
 [0 0 0 0 0 0 0 0]
 [0 0 0 0 0 0 0 0]
 [0 0 0 0 0 0 0 0]
 [0 0 0 0 0 0 0 0]
 [0 0 0 0 0 0 0 0]
 [0 0 0 0 0 0 0 0]]
AB00 Q: 
[[0 0 0 0 0 0 0 0]
 [0 3 3 0 0 0 0 0]
 [0 0 0 0 0 0 0 0]
 [0 0 0 0 0 0 0 0]
 [0 0 0 0 0 0 0 0]
 [0 0 0 0 0 0 0 0]
 [0 0 0 0 0 0 0 0]
 [0 0 0 0 0 0 0 0]]
(P, Q):
1 1 1 1 1 0 0 0 0 0 | 1 1 1 1 1 0 0 0 0 0
2 2 2 0 0 0 0 0 0 0 | 2 2 2 0 0 0 0 0 0 0
3 3 0 0 0 0 0 0 0 0 | 3 3 0 0 0 0 0 0 0 0
0 0 0 0 0 0 0 0 0 0 | 0 0 0 0 0 0 0 0 0 0
0 0 0 0 0 0 0 0 0 0 | 0 0 0 0 0 0 0 0 0 0
0 0 0 0 0 0 0 0 0 0 | 0 0 0 0 0 0 0 0 0 0
0 0 0 0 0 0 0 0 0 0 | 0 0 0 0 0 0 0 0 0 0
0 0 0 0 0 0 0 0 0 0 | 0 0 0 0 0 0 0 0 0 0
0 0 0 0 0 0 0 0 0 0 | 0 0 0 0 0 0 0 0 0 0
0 0 0 0 0 0 0 0 0 0 | 0 0 0 0 0 0 0 0 0 0
---
ABC0 matrix:
[[2 1 2 1]
 [1 2 1 0]
 [2 1 0 0]
 [1 0 0 0]]
A0C0 P: 
[[0 0 0 0 0 3 0 0 0 0]
 [0 3 3 4 0 0 0 0 0 0]
 [0 0 0 0 0 0 0 0 0 0]
 [0 0 0 0 0 0 0 0 0 0]
 [0 0 0 0 0 0 0 0 0 0]
 [0 0 0 0 0 0 0 0 0 0]
 [0 0 0 0 0 0 0 0 0 0]
 [0 0 0 0 0 0 0 0 0 0]
 [0 0 0 0 0 0 0 0 0 0]
 [0 0 0 0 0 0 0 0 0 0]]
AB00 Q: 
[[0 0 0 0 0 3 0 0 0 0]
 [0 3 3 4 0 0 0 0 0 0]
 [0 0 0 0 0 0 0 0 0 0]
 [0 0 0 0 0 0 0 0 0 0]
 [0 0 0 0 0 0 0 0 0 0]
 [0 0 0 0 0 0 0 0 0 0]
 [0 0 0 0 0 0 0 0 0 0]
 [0 0 0 0 0 0 0 0 0 0]
 [0 0 0 0 0 0 0 0 0 0]
 [0 0 0 0 0 0 0 0 0 0]]
(P, Q):
1 1 1 1 1 1 0 0 0 0 0 0 0 0 | 1 1 1 1 1 1 0 0 0 0 0 0 0 0
2 2 2 2 0 0 0 0 0 0 0 0 0 0 | 2 2 2 2 0 0 0 0 0 0 0 0 0 0
3 3 3 0 0 0 0 0 0 0 0 0 0 0 | 3 3 3 0 0 0 0 0 0 0 0 0 0 0
4 0 0 0 0 0 0 0 0 0 0 0 0 0 | 4 0 0 0 0 0 0 0 0 0 0 0 0 0
0 0 0 0 0 0 0 0 0 0 0 0 0 0 | 0 0 0 0 0 0 0 0 0 0 0 0 0 0
0 0 0 0 0 0 0 0 0 0 0 0 0 0 | 0 0 0 0 0 0 0 0 0 0 0 0 0 0
0 0 0 0 0 0 0 0 0 0 0 0 0 0 | 0 0 0 0 0 0 0 0 0 0 0 0 0 0
0 0 0 0 0 0 0 0 0 0 0 0 0 0 | 0 0 0 0 0 0 0 0 0 0 0 0 0 0
0 0 0 0 0 0 0 0 0 0 0 0 0 0 | 0 0 0 0 0 0 0 0 0 0 0 0 0 0
0 0 0 0 0 0 0 0 0 0 0 0 0 0 | 0 0 0 0 0 0 0 0 0 0 0 0 0 0
0 0 0 0 0 0 0 0 0 0 0 0 0 0 | 0 0 0 0 0 0 0 0 0 0 0 0 0 0
0 0 0 0 0 0 0 0 0 0 0 0 0 0 | 0 0 0 0 0 0 0 0 0 0 0 0 0 0
0 0 0 0 0 0 0 0 0 0 0 0 0 0 | 0 0 0 0 0 0 0 0 0 0 0 0 0 0
0 0 0 0 0 0 0 0 0 0 0 0 0 0 | 0 0 0 0 0 0 0 0 0 0 0 0 0 0
---
ABC0 matrix:
[[2 1 2 2]
 [1 2 2 0]
 [2 2 0 0]
 [2 0 0 0]]
A0C0 P: 
[[0 0 0 0 0 3 3 0 0 0 0 0]
 [0 3 3 4 4 0 0 0 0 0 0 0]
 [0 0 0 0 0 0 0 0 0 0 0 0]
 [0 0 0 0 0 0 0 0 0 0 0 0]
 [0 0 0 0 0 0 0 0 0 0 0 0]
 [0 0 0 0 0 0 0 0 0 0 0 0]
 [0 0 0 0 0 0 0 0 0 0 0 0]
 [0 0 0 0 0 0 0 0 0 0 0 0]
 [0 0 0 0 0 0 0 0 0 0 0 0]
 [0 0 0 0 0 0 0 0 0 0 0 0]
 [0 0 0 0 0 0 0 0 0 0 0 0]
 [0 0 0 0 0 0 0 0 0 0 0 0]]
AB00 Q: 
[[0 0 0 0 0 3 3 0 0 0 0 0]
 [0 3 3 4 4 0 0 0 0 0 0 0]
 [0 0 0 0 0 0 0 0 0 0 0 0]
 [0 0 0 0 0 0 0 0 0 0 0 0]
 [0 0 0 0 0 0 0 0 0 0 0 0]
 [0 0 0 0 0 0 0 0 0 0 0 0]
 [0 0 0 0 0 0 0 0 0 0 0 0]
 [0 0 0 0 0 0 0 0 0 0 0 0]
 [0 0 0 0 0 0 0 0 0 0 0 0]
 [0 0 0 0 0 0 0 0 0 0 0 0]
 [0 0 0 0 0 0 0 0 0 0 0 0]
 [0 0 0 0 0 0 0 0 0 0 0 0]]
(P, Q):
1 1 1 1 1 1 1 0 0 0 0 0 0 0 0 0 0 0 | 1 1 1 1 1 1 1 0 0 0 0 0 0 0 0 0 0 0
2 2 2 2 2 0 0 0 0 0 0 0 0 0 0 0 0 0 | 2 2 2 2 2 0 0 0 0 0 0 0 0 0 0 0 0 0
3 3 3 3 0 0 0 0 0 0 0 0 0 0 0 0 0 0 | 3 3 3 3 0 0 0 0 0 0 0 0 0 0 0 0 0 0
4 4 0 0 0 0 0 0 0 0 0 0 0 0 0 0 0 0 | 4 4 0 0 0 0 0 0 0 0 0 0 0 0 0 0 0 0
0 0 0 0 0 0 0 0 0 0 0 0 0 0 0 0 0 0 | 0 0 0 0 0 0 0 0 0 0 0 0 0 0 0 0 0 0
0 0 0 0 0 0 0 0 0 0 0 0 0 0 0 0 0 0 | 0 0 0 0 0 0 0 0 0 0 0 0 0 0 0 0 0 0
0 0 0 0 0 0 0 0 0 0 0 0 0 0 0 0 0 0 | 0 0 0 0 0 0 0 0 0 0 0 0 0 0 0 0 0 0
0 0 0 0 0 0 0 0 0 0 0 0 0 0 0 0 0 0 | 0 0 0 0 0 0 0 0 0 0 0 0 0 0 0 0 0 0
0 0 0 0 0 0 0 0 0 0 0 0 0 0 0 0 0 0 | 0 0 0 0 0 0 0 0 0 0 0 0 0 0 0 0 0 0
0 0 0 0 0 0 0 0 0 0 0 0 0 0 0 0 0 0 | 0 0 0 0 0 0 0 0 0 0 0 0 0 0 0 0 0 0
0 0 0 0 0 0 0 0 0 0 0 0 0 0 0 0 0 0 | 0 0 0 0 0 0 0 0 0 0 0 0 0 0 0 0 0 0
0 0 0 0 0 0 0 0 0 0 0 0 0 0 0 0 0 0 | 0 0 0 0 0 0 0 0 0 0 0 0 0 0 0 0 0 0
0 0 0 0 0 0 0 0 0 0 0 0 0 0 0 0 0 0 | 0 0 0 0 0 0 0 0 0 0 0 0 0 0 0 0 0 0
0 0 0 0 0 0 0 0 0 0 0 0 0 0 0 0 0 0 | 0 0 0 0 0 0 0 0 0 0 0 0 0 0 0 0 0 0
0 0 0 0 0 0 0 0 0 0 0 0 0 0 0 0 0 0 | 0 0 0 0 0 0 0 0 0 0 0 0 0 0 0 0 0 0
0 0 0 0 0 0 0 0 0 0 0 0 0 0 0 0 0 0 | 0 0 0 0 0 0 0 0 0 0 0 0 0 0 0 0 0 0
0 0 0 0 0 0 0 0 0 0 0 0 0 0 0 0 0 0 | 0 0 0 0 0 0 0 0 0 0 0 0 0 0 0 0 0 0
0 0 0 0 0 0 0 0 0 0 0 0 0 0 0 0 0 0 | 0 0 0 0 0 0 0 0 0 0 0 0 0 0 0 0 0 0
---
ABC0 matrix:
[[2 2 1 0]
 [0 0 0 0]
 [2 1 0 0]
 [1 0 0 0]]
A0C0 P: 
[[0 0 0 0 3 0 0 0]
 [3 3 4 0 0 0 0 0]
 [0 0 0 0 0 0 0 0]
 [0 0 0 0 0 0 0 0]
 [0 0 0 0 0 0 0 0]
 [0 0 0 0 0 0 0 0]
 [0 0 0 0 0 0 0 0]
 [0 0 0 0 0 0 0 0]]
AB00 Q: 
[[0 0 0 0 3]
 [0 0 0 0 0]
 [0 0 0 0 0]
 [0 0 0 0 0]
 [0 0 0 0 0]]
(P, Q):
1 1 1 1 1 0 0 0 0 | 1 1 1 1 1 0 0 0 0
3 3 3 0 0 0 0 0 0 | 2 2 2 0 0 0 0 0 0
4 0 0 0 0 0 0 0 0 | 3 0 0 0 0 0 0 0 0
0 0 0 0 0 0 0 0 0 | 0 0 0 0 0 0 0 0 0
0 0 0 0 0 0 0 0 0 | 0 0 0 0 0 0 0 0 0
0 0 0 0 0 0 0 0 0 | 0 0 0 0 0 0 0 0 0
0 0 0 0 0 0 0 0 0 | 0 0 0 0 0 0 0 0 0
0 0 0 0 0 0 0 0 0 | 0 0 0 0 0 0 0 0 0
0 0 0 0 0 0 0 0 0 | 0 0 0 0 0 0 0 0 0
---
ABC0 matrix:
[[2 2 2 0]
 [0 0 0 0]
 [2 2 0 0]
 [2 0 0 0]]
A0C0 P: 
[[0 0 0 0 3 3 0 0 0 0]
 [3 3 4 4 0 0 0 0 0 0]
 [0 0 0 0 0 0 0 0 0 0]
 [0 0 0 0 0 0 0 0 0 0]
 [0 0 0 0 0 0 0 0 0 0]
 [0 0 0 0 0 0 0 0 0 0]
 [0 0 0 0 0 0 0 0 0 0]
 [0 0 0 0 0 0 0 0 0 0]
 [0 0 0 0 0 0 0 0 0 0]
 [0 0 0 0 0 0 0 0 0 0]]
AB00 Q: 
[[0 0 0 0 3 3]
 [0 0 0 0 0 0]
 [0 0 0 0 0 0]
 [0 0 0 0 0 0]
 [0 0 0 0 0 0]
 [0 0 0 0 0 0]]
(P, Q):
1 1 1 1 1 1 0 0 0 0 0 0 | 1 1 1 1 1 1 0 0 0 0 0 0
3 3 3 3 0 0 0 0 0 0 0 0 | 2 2 2 2 0 0 0 0 0 0 0 0
4 4 0 0 0 0 0 0 0 0 0 0 | 3 3 0 0 0 0 0 0 0 0 0 0
0 0 0 0 0 0 0 0 0 0 0 0 | 0 0 0 0 0 0 0 0 0 0 0 0
0 0 0 0 0 0 0 0 0 0 0 0 | 0 0 0 0 0 0 0 0 0 0 0 0
0 0 0 0 0 0 0 0 0 0 0 0 | 0 0 0 0 0 0 0 0 0 0 0 0
0 0 0 0 0 0 0 0 0 0 0 0 | 0 0 0 0 0 0 0 0 0 0 0 0
0 0 0 0 0 0 0 0 0 0 0 0 | 0 0 0 0 0 0 0 0 0 0 0 0
0 0 0 0 0 0 0 0 0 0 0 0 | 0 0 0 0 0 0 0 0 0 0 0 0
0 0 0 0 0 0 0 0 0 0 0 0 | 0 0 0 0 0 0 0 0 0 0 0 0
0 0 0 0 0 0 0 0 0 0 0 0 | 0 0 0 0 0 0 0 0 0 0 0 0
0 0 0 0 0 0 0 0 0 0 0 0 | 0 0 0 0 0 0 0 0 0 0 0 0
---
ABC0 matrix:
[[2 2 0 1]
 [2 0 1 0]
 [0 1 0 0]
 [1 0 0 0]]
A0C0 P: 
[[0 0 0 0 3 0 0 0]
 [0 0 4 0 0 0 0 0]
 [0 0 0 0 0 0 0 0]
 [0 0 0 0 0 0 0 0]
 [0 0 0 0 0 0 0 0]
 [0 0 0 0 0 0 0 0]
 [0 0 0 0 0 0 0 0]
 [0 0 0 0 0 0 0 0]]
AB00 Q: 
[[0 0 0 0 3 0 0 0]
 [0 0 4 0 0 0 0 0]
 [0 0 0 0 0 0 0 0]
 [0 0 0 0 0 0 0 0]
 [0 0 0 0 0 0 0 0]
 [0 0 0 0 0 0 0 0]
 [0 0 0 0 0 0 0 0]
 [0 0 0 0 0 0 0 0]]
(P, Q):
1 1 1 1 1 0 0 0 0 0 | 1 1 1 1 1 0 0 0 0 0
2 2 2 0 0 0 0 0 0 0 | 2 2 2 0 0 0 0 0 0 0
3 0 0 0 0 0 0 0 0 0 | 3 0 0 0 0 0 0 0 0 0
4 0 0 0 0 0 0 0 0 0 | 4 0 0 0 0 0 0 0 0 0
0 0 0 0 0 0 0 0 0 0 | 0 0 0 0 0 0 0 0 0 0
0 0 0 0 0 0 0 0 0 0 | 0 0 0 0 0 0 0 0 0 0
0 0 0 0 0 0 0 0 0 0 | 0 0 0 0 0 0 0 0 0 0
0 0 0 0 0 0 0 0 0 0 | 0 0 0 0 0 0 0 0 0 0
0 0 0 0 0 0 0 0 0 0 | 0 0 0 0 0 0 0 0 0 0
0 0 0 0 0 0 0 0 0 0 | 0 0 0 0 0 0 0 0 0 0
---
ABC0 matrix:
[[2 2 0 2]
 [2 0 2 0]
 [0 2 0 0]
 [2 0 0 0]]
A0C0 P: 
[[0 0 0 0 3 3 0 0 0 0]
 [0 0 4 4 0 0 0 0 0 0]
 [0 0 0 0 0 0 0 0 0 0]
 [0 0 0 0 0 0 0 0 0 0]
 [0 0 0 0 0 0 0 0 0 0]
 [0 0 0 0 0 0 0 0 0 0]
 [0 0 0 0 0 0 0 0 0 0]
 [0 0 0 0 0 0 0 0 0 0]
 [0 0 0 0 0 0 0 0 0 0]
 [0 0 0 0 0 0 0 0 0 0]]
AB00 Q: 
[[0 0 0 0 3 3 0 0 0 0]
 [0 0 4 4 0 0 0 0 0 0]
 [0 0 0 0 0 0 0 0 0 0]
 [0 0 0 0 0 0 0 0 0 0]
 [0 0 0 0 0 0 0 0 0 0]
 [0 0 0 0 0 0 0 0 0 0]
 [0 0 0 0 0 0 0 0 0 0]
 [0 0 0 0 0 0 0 0 0 0]
 [0 0 0 0 0 0 0 0 0 0]
 [0 0 0 0 0 0 0 0 0 0]]
(P, Q):
1 1 1 1 1 1 0 0 0 0 0 0 0 0 | 1 1 1 1 1 1 0 0 0 0 0 0 0 0
2 2 2 2 0 0 0 0 0 0 0 0 0 0 | 2 2 2 2 0 0 0 0 0 0 0 0 0 0
3 3 0 0 0 0 0 0 0 0 0 0 0 0 | 3 3 0 0 0 0 0 0 0 0 0 0 0 0
4 4 0 0 0 0 0 0 0 0 0 0 0 0 | 4 4 0 0 0 0 0 0 0 0 0 0 0 0
0 0 0 0 0 0 0 0 0 0 0 0 0 0 | 0 0 0 0 0 0 0 0 0 0 0 0 0 0
0 0 0 0 0 0 0 0 0 0 0 0 0 0 | 0 0 0 0 0 0 0 0 0 0 0 0 0 0
0 0 0 0 0 0 0 0 0 0 0 0 0 0 | 0 0 0 0 0 0 0 0 0 0 0 0 0 0
0 0 0 0 0 0 0 0 0 0 0 0 0 0 | 0 0 0 0 0 0 0 0 0 0 0 0 0 0
0 0 0 0 0 0 0 0 0 0 0 0 0 0 | 0 0 0 0 0 0 0 0 0 0 0 0 0 0
0 0 0 0 0 0 0 0 0 0 0 0 0 0 | 0 0 0 0 0 0 0 0 0 0 0 0 0 0
0 0 0 0 0 0 0 0 0 0 0 0 0 0 | 0 0 0 0 0 0 0 0 0 0 0 0 0 0
0 0 0 0 0 0 0 0 0 0 0 0 0 0 | 0 0 0 0 0 0 0 0 0 0 0 0 0 0
0 0 0 0 0 0 0 0 0 0 0 0 0 0 | 0 0 0 0 0 0 0 0 0 0 0 0 0 0
0 0 0 0 0 0 0 0 0 0 0 0 0 0 | 0 0 0 0 0 0 0 0 0 0 0 0 0 0
---
ABC0 matrix:
[[2 2 1 0]
 [2 1 0 0]
 [1 0 0 0]
 [0 0 0 0]]
A0C0 P: 
[[0 0 0 0 0 0 0 0]
 [0 0 3 0 0 0 0 0]
 [0 0 0 0 0 0 0 0]
 [0 0 0 0 0 0 0 0]
 [0 0 0 0 0 0 0 0]
 [0 0 0 0 0 0 0 0]
 [0 0 0 0 0 0 0 0]
 [0 0 0 0 0 0 0 0]]
AB00 Q: 
[[0 0 0 0 0 0 0 0]
 [0 0 3 0 0 0 0 0]
 [0 0 0 0 0 0 0 0]
 [0 0 0 0 0 0 0 0]
 [0 0 0 0 0 0 0 0]
 [0 0 0 0 0 0 0 0]
 [0 0 0 0 0 0 0 0]
 [0 0 0 0 0 0 0 0]]
(P, Q):
1 1 1 1 1 0 0 0 0 | 1 1 1 1 1 0 0 0 0
2 2 2 0 0 0 0 0 0 | 2 2 2 0 0 0 0 0 0
3 0 0 0 0 0 0 0 0 | 3 0 0 0 0 0 0 0 0
0 0 0 0 0 0 0 0 0 | 0 0 0 0 0 0 0 0 0
0 0 0 0 0 0 0 0 0 | 0 0 0 0 0 0 0 0 0
0 0 0 0 0 0 0 0 0 | 0 0 0 0 0 0 0 0 0
0 0 0 0 0 0 0 0 0 | 0 0 0 0 0 0 0 0 0
0 0 0 0 0 0 0 0 0 | 0 0 0 0 0 0 0 0 0
0 0 0 0 0 0 0 0 0 | 0 0 0 0 0 0 0 0 0
---
ABC0 matrix:
[[2 2 1 1]
 [2 1 1 0]
 [1 1 0 0]
 [1 0 0 0]]
A0C0 P: 
[[0 0 0 0 0 3 0 0 0 0]
 [0 0 3 4 0 0 0 0 0 0]
 [0 0 0 0 0 0 0 0 0 0]
 [0 0 0 0 0 0 0 0 0 0]
 [0 0 0 0 0 0 0 0 0 0]
 [0 0 0 0 0 0 0 0 0 0]
 [0 0 0 0 0 0 0 0 0 0]
 [0 0 0 0 0 0 0 0 0 0]
 [0 0 0 0 0 0 0 0 0 0]
 [0 0 0 0 0 0 0 0 0 0]]
AB00 Q: 
[[0 0 0 0 0 3 0 0 0 0]
 [0 0 3 4 0 0 0 0 0 0]
 [0 0 0 0 0 0 0 0 0 0]
 [0 0 0 0 0 0 0 0 0 0]
 [0 0 0 0 0 0 0 0 0 0]
 [0 0 0 0 0 0 0 0 0 0]
 [0 0 0 0 0 0 0 0 0 0]
 [0 0 0 0 0 0 0 0 0 0]
 [0 0 0 0 0 0 0 0 0 0]
 [0 0 0 0 0 0 0 0 0 0]]
(P, Q):
1 1 1 1 1 1 0 0 0 0 0 0 0 | 1 1 1 1 1 1 0 0 0 0 0 0 0
2 2 2 2 0 0 0 0 0 0 0 0 0 | 2 2 2 2 0 0 0 0 0 0 0 0 0
3 3 0 0 0 0 0 0 0 0 0 0 0 | 3 3 0 0 0 0 0 0 0 0 0 0 0
4 0 0 0 0 0 0 0 0 0 0 0 0 | 4 0 0 0 0 0 0 0 0 0 0 0 0
0 0 0 0 0 0 0 0 0 0 0 0 0 | 0 0 0 0 0 0 0 0 0 0 0 0 0
0 0 0 0 0 0 0 0 0 0 0 0 0 | 0 0 0 0 0 0 0 0 0 0 0 0 0
0 0 0 0 0 0 0 0 0 0 0 0 0 | 0 0 0 0 0 0 0 0 0 0 0 0 0
0 0 0 0 0 0 0 0 0 0 0 0 0 | 0 0 0 0 0 0 0 0 0 0 0 0 0
0 0 0 0 0 0 0 0 0 0 0 0 0 | 0 0 0 0 0 0 0 0 0 0 0 0 0
0 0 0 0 0 0 0 0 0 0 0 0 0 | 0 0 0 0 0 0 0 0 0 0 0 0 0
0 0 0 0 0 0 0 0 0 0 0 0 0 | 0 0 0 0 0 0 0 0 0 0 0 0 0
0 0 0 0 0 0 0 0 0 0 0 0 0 | 0 0 0 0 0 0 0 0 0 0 0 0 0
0 0 0 0 0 0 0 0 0 0 0 0 0 | 0 0 0 0 0 0 0 0 0 0 0 0 0
---
ABC0 matrix:
[[2 2 1 2]
 [2 1 2 0]
 [1 2 0 0]
 [2 0 0 0]]
A0C0 P: 
[[0 0 0 0 0 3 3 0 0 0 0 0]
 [0 0 3 4 4 0 0 0 0 0 0 0]
 [0 0 0 0 0 0 0 0 0 0 0 0]
 [0 0 0 0 0 0 0 0 0 0 0 0]
 [0 0 0 0 0 0 0 0 0 0 0 0]
 [0 0 0 0 0 0 0 0 0 0 0 0]
 [0 0 0 0 0 0 0 0 0 0 0 0]
 [0 0 0 0 0 0 0 0 0 0 0 0]
 [0 0 0 0 0 0 0 0 0 0 0 0]
 [0 0 0 0 0 0 0 0 0 0 0 0]
 [0 0 0 0 0 0 0 0 0 0 0 0]
 [0 0 0 0 0 0 0 0 0 0 0 0]]
AB00 Q: 
[[0 0 0 0 0 3 3 0 0 0 0 0]
 [0 0 3 4 4 0 0 0 0 0 0 0]
 [0 0 0 0 0 0 0 0 0 0 0 0]
 [0 0 0 0 0 0 0 0 0 0 0 0]
 [0 0 0 0 0 0 0 0 0 0 0 0]
 [0 0 0 0 0 0 0 0 0 0 0 0]
 [0 0 0 0 0 0 0 0 0 0 0 0]
 [0 0 0 0 0 0 0 0 0 0 0 0]
 [0 0 0 0 0 0 0 0 0 0 0 0]
 [0 0 0 0 0 0 0 0 0 0 0 0]
 [0 0 0 0 0 0 0 0 0 0 0 0]
 [0 0 0 0 0 0 0 0 0 0 0 0]]
(P, Q):
1 1 1 1 1 1 1 0 0 0 0 0 0 0 0 0 0 | 1 1 1 1 1 1 1 0 0 0 0 0 0 0 0 0 0
2 2 2 2 2 0 0 0 0 0 0 0 0 0 0 0 0 | 2 2 2 2 2 0 0 0 0 0 0 0 0 0 0 0 0
3 3 3 0 0 0 0 0 0 0 0 0 0 0 0 0 0 | 3 3 3 0 0 0 0 0 0 0 0 0 0 0 0 0 0
4 4 0 0 0 0 0 0 0 0 0 0 0 0 0 0 0 | 4 4 0 0 0 0 0 0 0 0 0 0 0 0 0 0 0
0 0 0 0 0 0 0 0 0 0 0 0 0 0 0 0 0 | 0 0 0 0 0 0 0 0 0 0 0 0 0 0 0 0 0
0 0 0 0 0 0 0 0 0 0 0 0 0 0 0 0 0 | 0 0 0 0 0 0 0 0 0 0 0 0 0 0 0 0 0
0 0 0 0 0 0 0 0 0 0 0 0 0 0 0 0 0 | 0 0 0 0 0 0 0 0 0 0 0 0 0 0 0 0 0
0 0 0 0 0 0 0 0 0 0 0 0 0 0 0 0 0 | 0 0 0 0 0 0 0 0 0 0 0 0 0 0 0 0 0
0 0 0 0 0 0 0 0 0 0 0 0 0 0 0 0 0 | 0 0 0 0 0 0 0 0 0 0 0 0 0 0 0 0 0
0 0 0 0 0 0 0 0 0 0 0 0 0 0 0 0 0 | 0 0 0 0 0 0 0 0 0 0 0 0 0 0 0 0 0
0 0 0 0 0 0 0 0 0 0 0 0 0 0 0 0 0 | 0 0 0 0 0 0 0 0 0 0 0 0 0 0 0 0 0
0 0 0 0 0 0 0 0 0 0 0 0 0 0 0 0 0 | 0 0 0 0 0 0 0 0 0 0 0 0 0 0 0 0 0
0 0 0 0 0 0 0 0 0 0 0 0 0 0 0 0 0 | 0 0 0 0 0 0 0 0 0 0 0 0 0 0 0 0 0
0 0 0 0 0 0 0 0 0 0 0 0 0 0 0 0 0 | 0 0 0 0 0 0 0 0 0 0 0 0 0 0 0 0 0
0 0 0 0 0 0 0 0 0 0 0 0 0 0 0 0 0 | 0 0 0 0 0 0 0 0 0 0 0 0 0 0 0 0 0
0 0 0 0 0 0 0 0 0 0 0 0 0 0 0 0 0 | 0 0 0 0 0 0 0 0 0 0 0 0 0 0 0 0 0
0 0 0 0 0 0 0 0 0 0 0 0 0 0 0 0 0 | 0 0 0 0 0 0 0 0 0 0 0 0 0 0 0 0 0
---
ABC0 matrix:
[[2 2 2 0]
 [2 2 0 0]
 [2 0 0 0]
 [0 0 0 0]]
A0C0 P: 
[[0 0 0 0 0 0 0 0 0 0]
 [0 0 3 3 0 0 0 0 0 0]
 [0 0 0 0 0 0 0 0 0 0]
 [0 0 0 0 0 0 0 0 0 0]
 [0 0 0 0 0 0 0 0 0 0]
 [0 0 0 0 0 0 0 0 0 0]
 [0 0 0 0 0 0 0 0 0 0]
 [0 0 0 0 0 0 0 0 0 0]
 [0 0 0 0 0 0 0 0 0 0]
 [0 0 0 0 0 0 0 0 0 0]]
AB00 Q: 
[[0 0 0 0 0 0 0 0 0 0]
 [0 0 3 3 0 0 0 0 0 0]
 [0 0 0 0 0 0 0 0 0 0]
 [0 0 0 0 0 0 0 0 0 0]
 [0 0 0 0 0 0 0 0 0 0]
 [0 0 0 0 0 0 0 0 0 0]
 [0 0 0 0 0 0 0 0 0 0]
 [0 0 0 0 0 0 0 0 0 0]
 [0 0 0 0 0 0 0 0 0 0]
 [0 0 0 0 0 0 0 0 0 0]]
(P, Q):
1 1 1 1 1 1 0 0 0 0 0 0 | 1 1 1 1 1 1 0 0 0 0 0 0
2 2 2 2 0 0 0 0 0 0 0 0 | 2 2 2 2 0 0 0 0 0 0 0 0
3 3 0 0 0 0 0 0 0 0 0 0 | 3 3 0 0 0 0 0 0 0 0 0 0
0 0 0 0 0 0 0 0 0 0 0 0 | 0 0 0 0 0 0 0 0 0 0 0 0
0 0 0 0 0 0 0 0 0 0 0 0 | 0 0 0 0 0 0 0 0 0 0 0 0
0 0 0 0 0 0 0 0 0 0 0 0 | 0 0 0 0 0 0 0 0 0 0 0 0
0 0 0 0 0 0 0 0 0 0 0 0 | 0 0 0 0 0 0 0 0 0 0 0 0
0 0 0 0 0 0 0 0 0 0 0 0 | 0 0 0 0 0 0 0 0 0 0 0 0
0 0 0 0 0 0 0 0 0 0 0 0 | 0 0 0 0 0 0 0 0 0 0 0 0
0 0 0 0 0 0 0 0 0 0 0 0 | 0 0 0 0 0 0 0 0 0 0 0 0
0 0 0 0 0 0 0 0 0 0 0 0 | 0 0 0 0 0 0 0 0 0 0 0 0
0 0 0 0 0 0 0 0 0 0 0 0 | 0 0 0 0 0 0 0 0 0 0 0 0
---
ABC0 matrix:
[[2 2 2 1]
 [2 2 1 0]
 [2 1 0 0]
 [1 0 0 0]]
A0C0 P: 
[[0 0 0 0 0 0 3 0 0 0 0 0]
 [0 0 3 3 4 0 0 0 0 0 0 0]
 [0 0 0 0 0 0 0 0 0 0 0 0]
 [0 0 0 0 0 0 0 0 0 0 0 0]
 [0 0 0 0 0 0 0 0 0 0 0 0]
 [0 0 0 0 0 0 0 0 0 0 0 0]
 [0 0 0 0 0 0 0 0 0 0 0 0]
 [0 0 0 0 0 0 0 0 0 0 0 0]
 [0 0 0 0 0 0 0 0 0 0 0 0]
 [0 0 0 0 0 0 0 0 0 0 0 0]
 [0 0 0 0 0 0 0 0 0 0 0 0]
 [0 0 0 0 0 0 0 0 0 0 0 0]]
AB00 Q: 
[[0 0 0 0 0 0 3 0 0 0 0 0]
 [0 0 3 3 4 0 0 0 0 0 0 0]
 [0 0 0 0 0 0 0 0 0 0 0 0]
 [0 0 0 0 0 0 0 0 0 0 0 0]
 [0 0 0 0 0 0 0 0 0 0 0 0]
 [0 0 0 0 0 0 0 0 0 0 0 0]
 [0 0 0 0 0 0 0 0 0 0 0 0]
 [0 0 0 0 0 0 0 0 0 0 0 0]
 [0 0 0 0 0 0 0 0 0 0 0 0]
 [0 0 0 0 0 0 0 0 0 0 0 0]
 [0 0 0 0 0 0 0 0 0 0 0 0]
 [0 0 0 0 0 0 0 0 0 0 0 0]]
(P, Q):
1 1 1 1 1 1 1 0 0 0 0 0 0 0 0 0 | 1 1 1 1 1 1 1 0 0 0 0 0 0 0 0 0
2 2 2 2 2 0 0 0 0 0 0 0 0 0 0 0 | 2 2 2 2 2 0 0 0 0 0 0 0 0 0 0 0
3 3 3 0 0 0 0 0 0 0 0 0 0 0 0 0 | 3 3 3 0 0 0 0 0 0 0 0 0 0 0 0 0
4 0 0 0 0 0 0 0 0 0 0 0 0 0 0 0 | 4 0 0 0 0 0 0 0 0 0 0 0 0 0 0 0
0 0 0 0 0 0 0 0 0 0 0 0 0 0 0 0 | 0 0 0 0 0 0 0 0 0 0 0 0 0 0 0 0
0 0 0 0 0 0 0 0 0 0 0 0 0 0 0 0 | 0 0 0 0 0 0 0 0 0 0 0 0 0 0 0 0
0 0 0 0 0 0 0 0 0 0 0 0 0 0 0 0 | 0 0 0 0 0 0 0 0 0 0 0 0 0 0 0 0
0 0 0 0 0 0 0 0 0 0 0 0 0 0 0 0 | 0 0 0 0 0 0 0 0 0 0 0 0 0 0 0 0
0 0 0 0 0 0 0 0 0 0 0 0 0 0 0 0 | 0 0 0 0 0 0 0 0 0 0 0 0 0 0 0 0
0 0 0 0 0 0 0 0 0 0 0 0 0 0 0 0 | 0 0 0 0 0 0 0 0 0 0 0 0 0 0 0 0
0 0 0 0 0 0 0 0 0 0 0 0 0 0 0 0 | 0 0 0 0 0 0 0 0 0 0 0 0 0 0 0 0
0 0 0 0 0 0 0 0 0 0 0 0 0 0 0 0 | 0 0 0 0 0 0 0 0 0 0 0 0 0 0 0 0
0 0 0 0 0 0 0 0 0 0 0 0 0 0 0 0 | 0 0 0 0 0 0 0 0 0 0 0 0 0 0 0 0
0 0 0 0 0 0 0 0 0 0 0 0 0 0 0 0 | 0 0 0 0 0 0 0 0 0 0 0 0 0 0 0 0
0 0 0 0 0 0 0 0 0 0 0 0 0 0 0 0 | 0 0 0 0 0 0 0 0 0 0 0 0 0 0 0 0
0 0 0 0 0 0 0 0 0 0 0 0 0 0 0 0 | 0 0 0 0 0 0 0 0 0 0 0 0 0 0 0 0
---
ABC0 matrix:
[[2 2 2 2]
 [2 2 2 0]
 [2 2 0 0]
 [2 0 0 0]]
A0C0 P: 
[[0 0 0 0 0 0 3 3 0 0 0 0 0 0]
 [0 0 3 3 4 4 0 0 0 0 0 0 0 0]
 [0 0 0 0 0 0 0 0 0 0 0 0 0 0]
 [0 0 0 0 0 0 0 0 0 0 0 0 0 0]
 [0 0 0 0 0 0 0 0 0 0 0 0 0 0]
 [0 0 0 0 0 0 0 0 0 0 0 0 0 0]
 [0 0 0 0 0 0 0 0 0 0 0 0 0 0]
 [0 0 0 0 0 0 0 0 0 0 0 0 0 0]
 [0 0 0 0 0 0 0 0 0 0 0 0 0 0]
 [0 0 0 0 0 0 0 0 0 0 0 0 0 0]
 [0 0 0 0 0 0 0 0 0 0 0 0 0 0]
 [0 0 0 0 0 0 0 0 0 0 0 0 0 0]
 [0 0 0 0 0 0 0 0 0 0 0 0 0 0]
 [0 0 0 0 0 0 0 0 0 0 0 0 0 0]]
AB00 Q: 
[[0 0 0 0 0 0 3 3 0 0 0 0 0 0]
 [0 0 3 3 4 4 0 0 0 0 0 0 0 0]
 [0 0 0 0 0 0 0 0 0 0 0 0 0 0]
 [0 0 0 0 0 0 0 0 0 0 0 0 0 0]
 [0 0 0 0 0 0 0 0 0 0 0 0 0 0]
 [0 0 0 0 0 0 0 0 0 0 0 0 0 0]
 [0 0 0 0 0 0 0 0 0 0 0 0 0 0]
 [0 0 0 0 0 0 0 0 0 0 0 0 0 0]
 [0 0 0 0 0 0 0 0 0 0 0 0 0 0]
 [0 0 0 0 0 0 0 0 0 0 0 0 0 0]
 [0 0 0 0 0 0 0 0 0 0 0 0 0 0]
 [0 0 0 0 0 0 0 0 0 0 0 0 0 0]
 [0 0 0 0 0 0 0 0 0 0 0 0 0 0]
 [0 0 0 0 0 0 0 0 0 0 0 0 0 0]]
(P, Q):
1 1 1 1 1 1 1 1 0 0 0 0 0 0 0 0 0 0 0 0 | 1 1 1 1 1 1 1 1 0 0 0 0 0 0 0 0 0 0 0 0
2 2 2 2 2 2 0 0 0 0 0 0 0 0 0 0 0 0 0 0 | 2 2 2 2 2 2 0 0 0 0 0 0 0 0 0 0 0 0 0 0
3 3 3 3 0 0 0 0 0 0 0 0 0 0 0 0 0 0 0 0 | 3 3 3 3 0 0 0 0 0 0 0 0 0 0 0 0 0 0 0 0
4 4 0 0 0 0 0 0 0 0 0 0 0 0 0 0 0 0 0 0 | 4 4 0 0 0 0 0 0 0 0 0 0 0 0 0 0 0 0 0 0
0 0 0 0 0 0 0 0 0 0 0 0 0 0 0 0 0 0 0 0 | 0 0 0 0 0 0 0 0 0 0 0 0 0 0 0 0 0 0 0 0
0 0 0 0 0 0 0 0 0 0 0 0 0 0 0 0 0 0 0 0 | 0 0 0 0 0 0 0 0 0 0 0 0 0 0 0 0 0 0 0 0
0 0 0 0 0 0 0 0 0 0 0 0 0 0 0 0 0 0 0 0 | 0 0 0 0 0 0 0 0 0 0 0 0 0 0 0 0 0 0 0 0
0 0 0 0 0 0 0 0 0 0 0 0 0 0 0 0 0 0 0 0 | 0 0 0 0 0 0 0 0 0 0 0 0 0 0 0 0 0 0 0 0
0 0 0 0 0 0 0 0 0 0 0 0 0 0 0 0 0 0 0 0 | 0 0 0 0 0 0 0 0 0 0 0 0 0 0 0 0 0 0 0 0
0 0 0 0 0 0 0 0 0 0 0 0 0 0 0 0 0 0 0 0 | 0 0 0 0 0 0 0 0 0 0 0 0 0 0 0 0 0 0 0 0
0 0 0 0 0 0 0 0 0 0 0 0 0 0 0 0 0 0 0 0 | 0 0 0 0 0 0 0 0 0 0 0 0 0 0 0 0 0 0 0 0
0 0 0 0 0 0 0 0 0 0 0 0 0 0 0 0 0 0 0 0 | 0 0 0 0 0 0 0 0 0 0 0 0 0 0 0 0 0 0 0 0
0 0 0 0 0 0 0 0 0 0 0 0 0 0 0 0 0 0 0 0 | 0 0 0 0 0 0 0 0 0 0 0 0 0 0 0 0 0 0 0 0
0 0 0 0 0 0 0 0 0 0 0 0 0 0 0 0 0 0 0 0 | 0 0 0 0 0 0 0 0 0 0 0 0 0 0 0 0 0 0 0 0
0 0 0 0 0 0 0 0 0 0 0 0 0 0 0 0 0 0 0 0 | 0 0 0 0 0 0 0 0 0 0 0 0 0 0 0 0 0 0 0 0
0 0 0 0 0 0 0 0 0 0 0 0 0 0 0 0 0 0 0 0 | 0 0 0 0 0 0 0 0 0 0 0 0 0 0 0 0 0 0 0 0
0 0 0 0 0 0 0 0 0 0 0 0 0 0 0 0 0 0 0 0 | 0 0 0 0 0 0 0 0 0 0 0 0 0 0 0 0 0 0 0 0
0 0 0 0 0 0 0 0 0 0 0 0 0 0 0 0 0 0 0 0 | 0 0 0 0 0 0 0 0 0 0 0 0 0 0 0 0 0 0 0 0
0 0 0 0 0 0 0 0 0 0 0 0 0 0 0 0 0 0 0 0 | 0 0 0 0 0 0 0 0 0 0 0 0 0 0 0 0 0 0 0 0
0 0 0 0 0 0 0 0 0 0 0 0 0 0 0 0 0 0 0 0 | 0 0 0 0 0 0 0 0 0 0 0 0 0 0 0 0 0 0 0 0
---
